1 24 [179]
2 39 [179, 220]
3 53 [179, 220, 379]
4 63 [179, 220, 379, 29]
5 72 [179, 220, 379, 29, 924]
6 79 [179, 220, 379, 29, 924, 183]
7 86 [179, 220, 379, 29, 924, 183, 453]
8 92 [179, 220, 379, 29, 924, 183, 453, 959]
9 97 [179, 220, 379, 29, 924, 183, 453, 959, 137]
10 102 [179, 220, 379, 29, 924, 183, 453, 959, 137, 316]
11 107 [179, 220, 379, 29, 924, 183, 453, 959, 137, 316, 468]
12 111 [179, 220, 379, 29, 924, 183, 453, 959, 137, 316, 468, 131]
13 115 [179, 220, 379, 29, 924, 183, 453, 959, 137, 316, 468, 131, 594]
14 118 [179, 220, 379, 29, 924, 183, 453, 959, 137, 316, 468, 131, 594, 1]
15 121 [179, 220, 379, 29, 924, 183, 453, 959, 137, 316, 468, 131, 594, 1, 30]
16 124 [179, 220, 379, 29, 924, 183, 453, 959, 137, 316, 468, 131, 594, 1, 30, 214]
17 127 [179, 220, 379, 29, 924, 183, 453, 959, 137, 316, 468, 131, 594, 1, 30, 214, 370]
18 130 [179, 220, 379, 29, 924, 183, 453, 959, 137, 316, 468, 131, 594, 1, 30, 214, 370, 429]
19 133 [179, 220, 379, 29, 924, 183, 453, 959, 137, 316, 468, 131, 594, 1, 30, 214, 370, 429, 452]
20 136 [179, 220, 379, 29, 924, 183, 453, 959, 137, 316, 468, 131, 594, 1, 30, 214, 370, 429, 452, 504]
21 138 [179, 220, 379, 29, 924, 183, 453, 959, 137, 316, 468, 131, 594, 1, 30, 214, 370, 429, 452, 504, 49]
22 140 [179, 220, 379, 29, 924, 183, 453, 959, 137, 316, 468, 131, 594, 1, 30, 214, 370, 429, 452, 504, 49, 77]
23 142 [179, 220, 379, 29, 924, 183, 453, 959, 137, 316, 468, 131, 594, 1, 30, 214, 370, 429, 452, 504, 49, 77, 86]
24 144 [179, 220, 379, 29, 924, 183, 453, 959, 137, 316, 468, 131, 594, 1, 30, 214, 370, 429, 452, 504, 49, 77, 86, 129]
25 146 [179, 220, 379, 29, 924, 183, 453, 959, 137, 316, 468, 131, 594, 1, 30, 214, 370, 429, 452, 504, 49, 77, 86, 129, 207]
26 148 [179, 220, 379, 29, 924, 183, 453, 959, 137, 316, 468, 131, 594, 1, 30, 214, 370, 429, 452, 504, 49, 77, 86, 129, 207, 227]
27 150 [179, 220, 379, 29, 924, 183, 453, 959, 137, 316, 468, 131, 594, 1, 30, 214, 370, 429, 452, 504, 49, 77, 86, 129, 207, 227, 371]
28 152 [179, 220, 379, 29, 924, 183, 453, 959, 137, 316, 468, 131, 594, 1, 30, 214, 370, 429, 452, 504, 49, 77, 86, 129, 207, 227, 371, 398]
29 154 [179, 220, 379, 29, 924, 183, 453, 959, 137, 316, 468, 131, 594, 1, 30, 214, 370, 429, 452, 504, 49, 77, 86, 129, 207, 227, 371, 398, 530]
30 156 [179, 220, 379, 29, 924, 183, 453, 959, 137, 316, 468, 131, 594, 1, 30, 214, 370, 429, 452, 504, 49, 77, 86, 129, 207, 227, 371, 398, 530, 696]
31 158 [179, 220, 379, 29, 924, 183, 453, 959, 137, 316, 468, 131, 594, 1, 30, 214, 370, 429, 452, 504, 49, 77, 86, 129, 207, 227, 371, 398, 530, 696, 731]
32 160 [179, 220, 379, 29, 924, 183, 453, 959, 137, 316, 468, 131, 594, 1, 30, 214, 370, 429, 452, 504, 49, 77, 86, 129, 207, 227, 371, 398, 530, 696, 731, 979]
33 161 [179, 220, 379, 29, 924, 183, 453, 959, 137, 316, 468, 131, 594, 1, 30, 214, 370, 429, 452, 504, 49, 77, 86, 129, 207, 227, 371, 398, 530, 696, 731, 979, 0]
34 162 [179, 220, 379, 29, 924, 183, 453, 959, 137, 316, 468, 131, 594, 1, 30, 214, 370, 429, 452, 504, 49, 77, 86, 129, 207, 227, 371, 398, 530, 696, 731, 979, 0, 38]
35 163 [179, 220, 379, 29, 924, 183, 453, 959, 137, 316, 468, 131, 594, 1, 30, 214, 370, 429, 452, 504, 49, 77, 86, 129, 207, 227, 371, 398, 530, 696, 731, 979, 0, 38, 48]
36 164 [179, 220, 379, 29, 924, 183, 453, 959, 137, 316, 468, 131, 594, 1, 30, 214, 370, 429, 452, 504, 49, 77, 86, 129, 207, 227, 371, 398, 530, 696, 731, 979, 0, 38, 48, 54]
37 165 [179, 220, 379, 29, 924, 183, 453, 959, 137, 316, 468, 131, 594, 1, 30, 214, 370, 429, 452, 504, 49, 77, 86, 129, 207, 227, 371, 398, 530, 696, 731, 979, 0, 38, 48, 54, 76]
38 166 [179, 220, 379, 29, 924, 183, 453, 959, 137, 316, 468, 131, 594, 1, 30, 214, 370, 429, 452, 504, 49, 77, 86, 129, 207, 227, 371, 398, 530, 696, 731, 979, 0, 38, 48, 54, 76, 93]
39 167 [179, 220, 379, 29, 924, 183, 453, 959, 137, 316, 468, 131, 594, 1, 30, 214, 370, 429, 452, 504, 49, 77, 86, 129, 207, 227, 371, 398, 530, 696, 731, 979, 0, 38, 48, 54, 76, 93, 110]
40 168 [179, 220, 379, 29, 924, 183, 453, 959, 137, 316, 468, 131, 594, 1, 30, 214, 370, 429, 452, 504, 49, 77, 86, 129, 207, 227, 371, 398, 530, 696, 731, 979, 0, 38, 48, 54, 76, 93, 110, 128]
41 169 [179, 220, 379, 29, 924, 183, 453, 959, 137, 316, 468, 131, 594, 1, 30, 214, 370, 429, 452, 504, 49, 77, 86, 129, 207, 227, 371, 398, 530, 696, 731, 979, 0, 38, 48, 54, 76, 93, 110, 128, 165]
42 170 [179, 220, 379, 29, 924, 183, 453, 959, 137, 316, 468, 131, 594, 1, 30, 214, 370, 429, 452, 504, 49, 77, 86, 129, 207, 227, 371, 398, 530, 696, 731, 979, 0, 38, 48, 54, 76, 93, 110, 128, 165, 208]
43 171 [179, 220, 379, 29, 924, 183, 453, 959, 137, 316, 468, 131, 594, 1, 30, 214, 370, 429, 452, 504, 49, 77, 86, 129, 207, 227, 371, 398, 530, 696, 731, 979, 0, 38, 48, 54, 76, 93, 110, 128, 165, 208, 245]
44 172 [179, 220, 379, 29, 924, 183, 453, 959, 137, 316, 468, 131, 594, 1, 30, 214, 370, 429, 452, 504, 49, 77, 86, 129, 207, 227, 371, 398, 530, 696, 731, 979, 0, 38, 48, 54, 76, 93, 110, 128, 165, 208, 245, 246]
45 173 [179, 220, 379, 29, 924, 183, 453, 959, 137, 316, 468, 131, 594, 1, 30, 214, 370, 429, 452, 504, 49, 77, 86, 129, 207, 227, 371, 398, 530, 696, 731, 979, 0, 38, 48, 54, 76, 93, 110, 128, 165, 208, 245, 246, 268]
46 174 [179, 220, 379, 29, 924, 183, 453, 959, 137, 316, 468, 131, 594, 1, 30, 214, 370, 429, 452, 504, 49, 77, 86, 129, 207, 227, 371, 398, 530, 696, 731, 979, 0, 38, 48, 54, 76, 93, 110, 128, 165, 208, 245, 246, 268, 341]
47 175 [179, 220, 379, 29, 924, 183, 453, 959, 137, 316, 468, 131, 594, 1, 30, 214, 370, 429, 452, 504, 49, 77, 86, 129, 207, 227, 371, 398, 530, 696, 731, 979, 0, 38, 48, 54, 76, 93, 110, 128, 165, 208, 245, 246, 268, 341, 368]
48 176 [179, 220, 379, 29, 924, 183, 453, 959, 137, 316, 468, 131, 594, 1, 30, 214, 370, 429, 452, 504, 49, 77, 86, 129, 207, 227, 371, 398, 530, 696, 731, 979, 0, 38, 48, 54, 76, 93, 110, 128, 165, 208, 245, 246, 268, 341, 368, 369]
49 177 [179, 220, 379, 29, 924, 183, 453, 959, 137, 316, 468, 131, 594, 1, 30, 214, 370, 429, 452, 504, 49, 77, 86, 129, 207, 227, 371, 398, 530, 696, 731, 979, 0, 38, 48, 54, 76, 93, 110, 128, 165, 208, 245, 246, 268, 341, 368, 369, 378]
50 178 [179, 220, 379, 29, 924, 183, 453, 959, 137, 316, 468, 131, 594, 1, 30, 214, 370, 429, 452, 504, 49, 77, 86, 129, 207, 227, 371, 398, 530, 696, 731, 979, 0, 38, 48, 54, 76, 93, 110, 128, 165, 208, 245, 246, 268, 341, 368, 369, 378, 385]
51 179 [179, 220, 379, 29, 924, 183, 453, 959, 137, 316, 468, 131, 594, 1, 30, 214, 370, 429, 452, 504, 49, 77, 86, 129, 207, 227, 371, 398, 530, 696, 731, 979, 0, 38, 48, 54, 76, 93, 110, 128, 165, 208, 245, 246, 268, 341, 368, 369, 378, 385, 410]
52 180 [179, 220, 379, 29, 924, 183, 453, 959, 137, 316, 468, 131, 594, 1, 30, 214, 370, 429, 452, 504, 49, 77, 86, 129, 207, 227, 371, 398, 530, 696, 731, 979, 0, 38, 48, 54, 76, 93, 110, 128, 165, 208, 245, 246, 268, 341, 368, 369, 378, 385, 410, 419]
53 181 [179, 220, 379, 29, 924, 183, 453, 959, 137, 316, 468, 131, 594, 1, 30, 214, 370, 429, 452, 504, 49, 77, 86, 129, 207, 227, 371, 398, 530, 696, 731, 979, 0, 38, 48, 54, 76, 93, 110, 128, 165, 208, 245, 246, 268, 341, 368, 369, 378, 385, 410, 419, 470]
54 182 [179, 220, 379, 29, 924, 183, 453, 959, 137, 316, 468, 131, 594, 1, 30, 214, 370, 429, 452, 504, 49, 77, 86, 129, 207, 227, 371, 398, 530, 696, 731, 979, 0, 38, 48, 54, 76, 93, 110, 128, 165, 208, 245, 246, 268, 341, 368, 369, 378, 385, 410, 419, 470, 475]
55 183 [179, 220, 379, 29, 924, 183, 453, 959, 137, 316, 468, 131, 594, 1, 30, 214, 370, 429, 452, 504, 49, 77, 86, 129, 207, 227, 371, 398, 530, 696, 731, 979, 0, 38, 48, 54, 76, 93, 110, 128, 165, 208, 245, 246, 268, 341, 368, 369, 378, 385, 410, 419, 470, 475, 492]
56 184 [179, 220, 379, 29, 924, 183, 453, 959, 137, 316, 468, 131, 594, 1, 30, 214, 370, 429, 452, 504, 49, 77, 86, 129, 207, 227, 371, 398, 530, 696, 731, 979, 0, 38, 48, 54, 76, 93, 110, 128, 165, 208, 245, 246, 268, 341, 368, 369, 378, 385, 410, 419, 470, 475, 492, 525]
57 185 [179, 220, 379, 29, 924, 183, 453, 959, 137, 316, 468, 131, 594, 1, 30, 214, 370, 429, 452, 504, 49, 77, 86, 129, 207, 227, 371, 398, 530, 696, 731, 979, 0, 38, 48, 54, 76, 93, 110, 128, 165, 208, 245, 246, 268, 341, 368, 369, 378, 385, 410, 419, 470, 475, 492, 525, 664]
58 186 [179, 220, 379, 29, 924, 183, 453, 959, 137, 316, 468, 131, 594, 1, 30, 214, 370, 429, 452, 504, 49, 77, 86, 129, 207, 227, 371, 398, 530, 696, 731, 979, 0, 38, 48, 54, 76, 93, 110, 128, 165, 208, 245, 246, 268, 341, 368, 369, 378, 385, 410, 419, 470, 475, 492, 525, 664, 814]
59 187 [179, 220, 379, 29, 924, 183, 453, 959, 137, 316, 468, 131, 594, 1, 30, 214, 370, 429, 452, 504, 49, 77, 86, 129, 207, 227, 371, 398, 530, 696, 731, 979, 0, 38, 48, 54, 76, 93, 110, 128, 165, 208, 245, 246, 268, 341, 368, 369, 378, 385, 410, 419, 470, 475, 492, 525, 664, 814, 815]
60 188 [179, 220, 379, 29, 924, 183, 453, 959, 137, 316, 468, 131, 594, 1, 30, 214, 370, 429, 452, 504, 49, 77, 86, 129, 207, 227, 371, 398, 530, 696, 731, 979, 0, 38, 48, 54, 76, 93, 110, 128, 165, 208, 245, 246, 268, 341, 368, 369, 378, 385, 410, 419, 470, 475, 492, 525, 664, 814, 815, 879]
61 189 [179, 220, 379, 29, 924, 183, 453, 959, 137, 316, 468, 131, 594, 1, 30, 214, 370, 429, 452, 504, 49, 77, 86, 129, 207, 227, 371, 398, 530, 696, 731, 979, 0, 38, 48, 54, 76, 93, 110, 128, 165, 208, 245, 246, 268, 341, 368, 369, 378, 385, 410, 419, 470, 475, 492, 525, 664, 814, 815, 879, 923]
62 190 [179, 220, 379, 29, 924, 183, 453, 959, 137, 316, 468, 131, 594, 1, 30, 214, 370, 429, 452, 504, 49, 77, 86, 129, 207, 227, 371, 398, 530, 696, 731, 979, 0, 38, 48, 54, 76, 93, 110, 128, 165, 208, 245, 246, 268, 341, 368, 369, 378, 385, 410, 419, 470, 475, 492, 525, 664, 814, 815, 879, 923, 925]
63 191 [179, 220, 379, 29, 924, 183, 453, 959, 137, 316, 468, 131, 594, 1, 30, 214, 370, 429, 452, 504, 49, 77, 86, 129, 207, 227, 371, 398, 530, 696, 731, 979, 0, 38, 48, 54, 76, 93, 110, 128, 165, 208, 245, 246, 268, 341, 368, 369, 378, 385, 410, 419, 470, 475, 492, 525, 664, 814, 815, 879, 923, 925, 927]
64 192 [179, 220, 379, 29, 924, 183, 453, 959, 137, 316, 468, 131, 594, 1, 30, 214, 370, 429, 452, 504, 49, 77, 86, 129, 207, 227, 371, 398, 530, 696, 731, 979, 0, 38, 48, 54, 76, 93, 110, 128, 165, 208, 245, 246, 268, 341, 368, 369, 378, 385, 410, 419, 470, 475, 492, 525, 664, 814, 815, 879, 923, 925, 927, 974]
