1 17 [179]
2 28 [179, 29]
3 39 [179, 29, 220]
4 42 [179, 29, 220, 0]
5 45 [179, 29, 220, 0, 214]
6 47 [179, 29, 220, 0, 214, 129]
7 49 [179, 29, 220, 0, 214, 129, 316]
8 51 [179, 29, 220, 0, 214, 129, 316, 429]
9 52 [179, 29, 220, 0, 214, 129, 316, 429, 48]
10 53 [179, 29, 220, 0, 214, 129, 316, 429, 48, 101]
11 54 [179, 29, 220, 0, 214, 129, 316, 429, 48, 101, 246]
12 55 [179, 29, 220, 0, 214, 129, 316, 429, 48, 101, 246, 594]
13 56 [179, 29, 220, 0, 214, 129, 316, 429, 48, 101, 246, 594, 606]
14 57 [179, 29, 220, 0, 214, 129, 316, 429, 48, 101, 246, 594, 606, 632]
