1 19 [179]
2 32 [179, 220]
3 43 [179, 220, 29]
4 48 [179, 220, 29, 0]
5 53 [179, 220, 29, 0, 316]
6 57 [179, 220, 29, 0, 316, 131]
7 60 [179, 220, 29, 0, 316, 131, 77]
8 63 [179, 220, 29, 0, 316, 131, 77, 429]
9 66 [179, 220, 29, 0, 316, 131, 77, 429, 959]
10 68 [179, 220, 29, 0, 316, 131, 77, 429, 959, 129]
11 70 [179, 220, 29, 0, 316, 131, 77, 429, 959, 129, 183]
12 72 [179, 220, 29, 0, 316, 131, 77, 429, 959, 129, 183, 207]
13 74 [179, 220, 29, 0, 316, 131, 77, 429, 959, 129, 183, 207, 246]
14 76 [179, 220, 29, 0, 316, 131, 77, 429, 959, 129, 183, 207, 246, 505]
15 78 [179, 220, 29, 0, 316, 131, 77, 429, 959, 129, 183, 207, 246, 505, 535]
16 80 [179, 220, 29, 0, 316, 131, 77, 429, 959, 129, 183, 207, 246, 505, 535, 923]
17 81 [179, 220, 29, 0, 316, 131, 77, 429, 959, 129, 183, 207, 246, 505, 535, 923, 6]
18 82 [179, 220, 29, 0, 316, 131, 77, 429, 959, 129, 183, 207, 246, 505, 535, 923, 6, 49]
19 83 [179, 220, 29, 0, 316, 131, 77, 429, 959, 129, 183, 207, 246, 505, 535, 923, 6, 49, 63]
20 84 [179, 220, 29, 0, 316, 131, 77, 429, 959, 129, 183, 207, 246, 505, 535, 923, 6, 49, 63, 107]
21 85 [179, 220, 29, 0, 316, 131, 77, 429, 959, 129, 183, 207, 246, 505, 535, 923, 6, 49, 63, 107, 137]
22 86 [179, 220, 29, 0, 316, 131, 77, 429, 959, 129, 183, 207, 246, 505, 535, 923, 6, 49, 63, 107, 137, 160]
23 87 [179, 220, 29, 0, 316, 131, 77, 429, 959, 129, 183, 207, 246, 505, 535, 923, 6, 49, 63, 107, 137, 160, 269]
24 88 [179, 220, 29, 0, 316, 131, 77, 429, 959, 129, 183, 207, 246, 505, 535, 923, 6, 49, 63, 107, 137, 160, 269, 368]
25 89 [179, 220, 29, 0, 316, 131, 77, 429, 959, 129, 183, 207, 246, 505, 535, 923, 6, 49, 63, 107, 137, 160, 269, 368, 370]
26 90 [179, 220, 29, 0, 316, 131, 77, 429, 959, 129, 183, 207, 246, 505, 535, 923, 6, 49, 63, 107, 137, 160, 269, 368, 370, 378]
27 91 [179, 220, 29, 0, 316, 131, 77, 429, 959, 129, 183, 207, 246, 505, 535, 923, 6, 49, 63, 107, 137, 160, 269, 368, 370, 378, 379]
28 92 [179, 220, 29, 0, 316, 131, 77, 429, 959, 129, 183, 207, 246, 505, 535, 923, 6, 49, 63, 107, 137, 160, 269, 368, 370, 378, 379, 385]
29 93 [179, 220, 29, 0, 316, 131, 77, 429, 959, 129, 183, 207, 246, 505, 535, 923, 6, 49, 63, 107, 137, 160, 269, 368, 370, 378, 379, 385, 397]
30 94 [179, 220, 29, 0, 316, 131, 77, 429, 959, 129, 183, 207, 246, 505, 535, 923, 6, 49, 63, 107, 137, 160, 269, 368, 370, 378, 379, 385, 397, 452]
31 95 [179, 220, 29, 0, 316, 131, 77, 429, 959, 129, 183, 207, 246, 505, 535, 923, 6, 49, 63, 107, 137, 160, 269, 368, 370, 378, 379, 385, 397, 452, 594]
32 96 [179, 220, 29, 0, 316, 131, 77, 429, 959, 129, 183, 207, 246, 505, 535, 923, 6, 49, 63, 107, 137, 160, 269, 368, 370, 378, 379, 385, 397, 452, 594, 696]
33 97 [179, 220, 29, 0, 316, 131, 77, 429, 959, 129, 183, 207, 246, 505, 535, 923, 6, 49, 63, 107, 137, 160, 269, 368, 370, 378, 379, 385, 397, 452, 594, 696, 840]
34 98 [179, 220, 29, 0, 316, 131, 77, 429, 959, 129, 183, 207, 246, 505, 535, 923, 6, 49, 63, 107, 137, 160, 269, 368, 370, 378, 379, 385, 397, 452, 594, 696, 840, 979]
