1 31 [379]
2 61 [379, 179]
3 88 [379, 179, 923]
4 110 [379, 179, 923, 1]
5 131 [379, 179, 923, 1, 131]
6 151 [379, 179, 923, 1, 131, 220]
7 171 [379, 179, 923, 1, 131, 220, 924]
8 189 [379, 179, 923, 1, 131, 220, 924, 959]
9 206 [379, 179, 923, 1, 131, 220, 924, 959, 452]
10 222 [379, 179, 923, 1, 131, 220, 924, 959, 452, 0]
11 238 [379, 179, 923, 1, 131, 220, 924, 959, 452, 0, 29]
12 253 [379, 179, 923, 1, 131, 220, 924, 959, 452, 0, 29, 180]
13 268 [379, 179, 923, 1, 131, 220, 924, 959, 452, 0, 29, 180, 468]
14 282 [379, 179, 923, 1, 131, 220, 924, 959, 452, 0, 29, 180, 468, 533]
15 295 [379, 179, 923, 1, 131, 220, 924, 959, 452, 0, 29, 180, 468, 533, 76]
16 308 [379, 179, 923, 1, 131, 220, 924, 959, 452, 0, 29, 180, 468, 533, 76, 128]
17 319 [379, 179, 923, 1, 131, 220, 924, 959, 452, 0, 29, 180, 468, 533, 76, 128, 30]
18 330 [379, 179, 923, 1, 131, 220, 924, 959, 452, 0, 29, 180, 468, 533, 76, 128, 30, 183]
19 341 [379, 179, 923, 1, 131, 220, 924, 959, 452, 0, 29, 180, 468, 533, 76, 128, 30, 183, 341]
20 352 [379, 179, 923, 1, 131, 220, 924, 959, 452, 0, 29, 180, 468, 533, 76, 128, 30, 183, 341, 369]
21 362 [379, 179, 923, 1, 131, 220, 924, 959, 452, 0, 29, 180, 468, 533, 76, 128, 30, 183, 341, 369, 137]
22 372 [379, 179, 923, 1, 131, 220, 924, 959, 452, 0, 29, 180, 468, 533, 76, 128, 30, 183, 341, 369, 137, 526]
23 381 [379, 179, 923, 1, 131, 220, 924, 959, 452, 0, 29, 180, 468, 533, 76, 128, 30, 183, 341, 369, 137, 526, 181]
24 390 [379, 179, 923, 1, 131, 220, 924, 959, 452, 0, 29, 180, 468, 533, 76, 128, 30, 183, 341, 369, 137, 526, 181, 368]
25 399 [379, 179, 923, 1, 131, 220, 924, 959, 452, 0, 29, 180, 468, 533, 76, 128, 30, 183, 341, 369, 137, 526, 181, 368, 453]
26 408 [379, 179, 923, 1, 131, 220, 924, 959, 452, 0, 29, 180, 468, 533, 76, 128, 30, 183, 341, 369, 137, 526, 181, 368, 453, 979]
27 416 [379, 179, 923, 1, 131, 220, 924, 959, 452, 0, 29, 180, 468, 533, 76, 128, 30, 183, 341, 369, 137, 526, 181, 368, 453, 979, 175]
28 424 [379, 179, 923, 1, 131, 220, 924, 959, 452, 0, 29, 180, 468, 533, 76, 128, 30, 183, 341, 369, 137, 526, 181, 368, 453, 979, 175, 594]
29 431 [379, 179, 923, 1, 131, 220, 924, 959, 452, 0, 29, 180, 468, 533, 76, 128, 30, 183, 341, 369, 137, 526, 181, 368, 453, 979, 175, 594, 49]
30 438 [379, 179, 923, 1, 131, 220, 924, 959, 452, 0, 29, 180, 468, 533, 76, 128, 30, 183, 341, 369, 137, 526, 181, 368, 453, 979, 175, 594, 49, 132]
31 445 [379, 179, 923, 1, 131, 220, 924, 959, 452, 0, 29, 180, 468, 533, 76, 128, 30, 183, 341, 369, 137, 526, 181, 368, 453, 979, 175, 594, 49, 132, 256]
32 452 [379, 179, 923, 1, 131, 220, 924, 959, 452, 0, 29, 180, 468, 533, 76, 128, 30, 183, 341, 369, 137, 526, 181, 368, 453, 979, 175, 594, 49, 132, 256, 280]
33 459 [379, 179, 923, 1, 131, 220, 924, 959, 452, 0, 29, 180, 468, 533, 76, 128, 30, 183, 341, 369, 137, 526, 181, 368, 453, 979, 175, 594, 49, 132, 256, 280, 316]
34 466 [379, 179, 923, 1, 131, 220, 924, 959, 452, 0, 29, 180, 468, 533, 76, 128, 30, 183, 341, 369, 137, 526, 181, 368, 453, 979, 175, 594, 49, 132, 256, 280, 316, 405]
35 473 [379, 179, 923, 1, 131, 220, 924, 959, 452, 0, 29, 180, 468, 533, 76, 128, 30, 183, 341, 369, 137, 526, 181, 368, 453, 979, 175, 594, 49, 132, 256, 280, 316, 405, 956]
36 479 [379, 179, 923, 1, 131, 220, 924, 959, 452, 0, 29, 180, 468, 533, 76, 128, 30, 183, 341, 369, 137, 526, 181, 368, 453, 979, 175, 594, 49, 132, 256, 280, 316, 405, 956, 55]
37 485 [379, 179, 923, 1, 131, 220, 924, 959, 452, 0, 29, 180, 468, 533, 76, 128, 30, 183, 341, 369, 137, 526, 181, 368, 453, 979, 175, 594, 49, 132, 256, 280, 316, 405, 956, 55, 696]
38 490 [379, 179, 923, 1, 131, 220, 924, 959, 452, 0, 29, 180, 468, 533, 76, 128, 30, 183, 341, 369, 137, 526, 181, 368, 453, 979, 175, 594, 49, 132, 256, 280, 316, 405, 956, 55, 696, 77]
39 495 [379, 179, 923, 1, 131, 220, 924, 959, 452, 0, 29, 180, 468, 533, 76, 128, 30, 183, 341, 369, 137, 526, 181, 368, 453, 979, 175, 594, 49, 132, 256, 280, 316, 405, 956, 55, 696, 77, 86]
40 500 [379, 179, 923, 1, 131, 220, 924, 959, 452, 0, 29, 180, 468, 533, 76, 128, 30, 183, 341, 369, 137, 526, 181, 368, 453, 979, 175, 594, 49, 132, 256, 280, 316, 405, 956, 55, 696, 77, 86, 133]
41 505 [379, 179, 923, 1, 131, 220, 924, 959, 452, 0, 29, 180, 468, 533, 76, 128, 30, 183, 341, 369, 137, 526, 181, 368, 453, 979, 175, 594, 49, 132, 256, 280, 316, 405, 956, 55, 696, 77, 86, 133, 214]
42 510 [379, 179, 923, 1, 131, 220, 924, 959, 452, 0, 29, 180, 468, 533, 76, 128, 30, 183, 341, 369, 137, 526, 181, 368, 453, 979, 175, 594, 49, 132, 256, 280, 316, 405, 956, 55, 696, 77, 86, 133, 214, 246]
43 515 [379, 179, 923, 1, 131, 220, 924, 959, 452, 0, 29, 180, 468, 533, 76, 128, 30, 183, 341, 369, 137, 526, 181, 368, 453, 979, 175, 594, 49, 132, 256, 280, 316, 405, 956, 55, 696, 77, 86, 133, 214, 246, 278]
44 520 [379, 179, 923, 1, 131, 220, 924, 959, 452, 0, 29, 180, 468, 533, 76, 128, 30, 183, 341, 369, 137, 526, 181, 368, 453, 979, 175, 594, 49, 132, 256, 280, 316, 405, 956, 55, 696, 77, 86, 133, 214, 246, 278, 370]
45 525 [379, 179, 923, 1, 131, 220, 924, 959, 452, 0, 29, 180, 468, 533, 76, 128, 30, 183, 341, 369, 137, 526, 181, 368, 453, 979, 175, 594, 49, 132, 256, 280, 316, 405, 956, 55, 696, 77, 86, 133, 214, 246, 278, 370, 378]
46 530 [379, 179, 923, 1, 131, 220, 924, 959, 452, 0, 29, 180, 468, 533, 76, 128, 30, 183, 341, 369, 137, 526, 181, 368, 453, 979, 175, 594, 49, 132, 256, 280, 316, 405, 956, 55, 696, 77, 86, 133, 214, 246, 278, 370, 378, 952]
47 534 [379, 179, 923, 1, 131, 220, 924, 959, 452, 0, 29, 180, 468, 533, 76, 128, 30, 183, 341, 369, 137, 526, 181, 368, 453, 979, 175, 594, 49, 132, 256, 280, 316, 405, 956, 55, 696, 77, 86, 133, 214, 246, 278, 370, 378, 952, 2]
48 538 [379, 179, 923, 1, 131, 220, 924, 959, 452, 0, 29, 180, 468, 533, 76, 128, 30, 183, 341, 369, 137, 526, 181, 368, 453, 979, 175, 594, 49, 132, 256, 280, 316, 405, 956, 55, 696, 77, 86, 133, 214, 246, 278, 370, 378, 952, 2, 129]
49 542 [379, 179, 923, 1, 131, 220, 924, 959, 452, 0, 29, 180, 468, 533, 76, 128, 30, 183, 341, 369, 137, 526, 181, 368, 453, 979, 175, 594, 49, 132, 256, 280, 316, 405, 956, 55, 696, 77, 86, 133, 214, 246, 278, 370, 378, 952, 2, 129, 269]
50 546 [379, 179, 923, 1, 131, 220, 924, 959, 452, 0, 29, 180, 468, 533, 76, 128, 30, 183, 341, 369, 137, 526, 181, 368, 453, 979, 175, 594, 49, 132, 256, 280, 316, 405, 956, 55, 696, 77, 86, 133, 214, 246, 278, 370, 378, 952, 2, 129, 269, 315]
51 550 [379, 179, 923, 1, 131, 220, 924, 959, 452, 0, 29, 180, 468, 533, 76, 128, 30, 183, 341, 369, 137, 526, 181, 368, 453, 979, 175, 594, 49, 132, 256, 280, 316, 405, 956, 55, 696, 77, 86, 133, 214, 246, 278, 370, 378, 952, 2, 129, 269, 315, 417]
52 554 [379, 179, 923, 1, 131, 220, 924, 959, 452, 0, 29, 180, 468, 533, 76, 128, 30, 183, 341, 369, 137, 526, 181, 368, 453, 979, 175, 594, 49, 132, 256, 280, 316, 405, 956, 55, 696, 77, 86, 133, 214, 246, 278, 370, 378, 952, 2, 129, 269, 315, 417, 504]
53 558 [379, 179, 923, 1, 131, 220, 924, 959, 452, 0, 29, 180, 468, 533, 76, 128, 30, 183, 341, 369, 137, 526, 181, 368, 453, 979, 175, 594, 49, 132, 256, 280, 316, 405, 956, 55, 696, 77, 86, 133, 214, 246, 278, 370, 378, 952, 2, 129, 269, 315, 417, 504, 525]
54 562 [379, 179, 923, 1, 131, 220, 924, 959, 452, 0, 29, 180, 468, 533, 76, 128, 30, 183, 341, 369, 137, 526, 181, 368, 453, 979, 175, 594, 49, 132, 256, 280, 316, 405, 956, 55, 696, 77, 86, 133, 214, 246, 278, 370, 378, 952, 2, 129, 269, 315, 417, 504, 525, 535]
55 566 [379, 179, 923, 1, 131, 220, 924, 959, 452, 0, 29, 180, 468, 533, 76, 128, 30, 183, 341, 369, 137, 526, 181, 368, 453, 979, 175, 594, 49, 132, 256, 280, 316, 405, 956, 55, 696, 77, 86, 133, 214, 246, 278, 370, 378, 952, 2, 129, 269, 315, 417, 504, 525, 535, 663]
56 570 [379, 179, 923, 1, 131, 220, 924, 959, 452, 0, 29, 180, 468, 533, 76, 128, 30, 183, 341, 369, 137, 526, 181, 368, 453, 979, 175, 594, 49, 132, 256, 280, 316, 405, 956, 55, 696, 77, 86, 133, 214, 246, 278, 370, 378, 952, 2, 129, 269, 315, 417, 504, 525, 535, 663, 697]
57 574 [379, 179, 923, 1, 131, 220, 924, 959, 452, 0, 29, 180, 468, 533, 76, 128, 30, 183, 341, 369, 137, 526, 181, 368, 453, 979, 175, 594, 49, 132, 256, 280, 316, 405, 956, 55, 696, 77, 86, 133, 214, 246, 278, 370, 378, 952, 2, 129, 269, 315, 417, 504, 525, 535, 663, 697, 705]
58 578 [379, 179, 923, 1, 131, 220, 924, 959, 452, 0, 29, 180, 468, 533, 76, 128, 30, 183, 341, 369, 137, 526, 181, 368, 453, 979, 175, 594, 49, 132, 256, 280, 316, 405, 956, 55, 696, 77, 86, 133, 214, 246, 278, 370, 378, 952, 2, 129, 269, 315, 417, 504, 525, 535, 663, 697, 705, 729]
59 582 [379, 179, 923, 1, 131, 220, 924, 959, 452, 0, 29, 180, 468, 533, 76, 128, 30, 183, 341, 369, 137, 526, 181, 368, 453, 979, 175, 594, 49, 132, 256, 280, 316, 405, 956, 55, 696, 77, 86, 133, 214, 246, 278, 370, 378, 952, 2, 129, 269, 315, 417, 504, 525, 535, 663, 697, 705, 729, 925]
60 586 [379, 179, 923, 1, 131, 220, 924, 959, 452, 0, 29, 180, 468, 533, 76, 128, 30, 183, 341, 369, 137, 526, 181, 368, 453, 979, 175, 594, 49, 132, 256, 280, 316, 405, 956, 55, 696, 77, 86, 133, 214, 246, 278, 370, 378, 952, 2, 129, 269, 315, 417, 504, 525, 535, 663, 697, 705, 729, 925, 962]
61 590 [379, 179, 923, 1, 131, 220, 924, 959, 452, 0, 29, 180, 468, 533, 76, 128, 30, 183, 341, 369, 137, 526, 181, 368, 453, 979, 175, 594, 49, 132, 256, 280, 316, 405, 956, 55, 696, 77, 86, 133, 214, 246, 278, 370, 378, 952, 2, 129, 269, 315, 417, 504, 525, 535, 663, 697, 705, 729, 925, 962, 983]
62 593 [379, 179, 923, 1, 131, 220, 924, 959, 452, 0, 29, 180, 468, 533, 76, 128, 30, 183, 341, 369, 137, 526, 181, 368, 453, 979, 175, 594, 49, 132, 256, 280, 316, 405, 956, 55, 696, 77, 86, 133, 214, 246, 278, 370, 378, 952, 2, 129, 269, 315, 417, 504, 525, 535, 663, 697, 705, 729, 925, 962, 983, 157]
63 596 [379, 179, 923, 1, 131, 220, 924, 959, 452, 0, 29, 180, 468, 533, 76, 128, 30, 183, 341, 369, 137, 526, 181, 368, 453, 979, 175, 594, 49, 132, 256, 280, 316, 405, 956, 55, 696, 77, 86, 133, 214, 246, 278, 370, 378, 952, 2, 129, 269, 315, 417, 504, 525, 535, 663, 697, 705, 729, 925, 962, 983, 157, 212]
64 599 [379, 179, 923, 1, 131, 220, 924, 959, 452, 0, 29, 180, 468, 533, 76, 128, 30, 183, 341, 369, 137, 526, 181, 368, 453, 979, 175, 594, 49, 132, 256, 280, 316, 405, 956, 55, 696, 77, 86, 133, 214, 246, 278, 370, 378, 952, 2, 129, 269, 315, 417, 504, 525, 535, 663, 697, 705, 729, 925, 962, 983, 157, 212, 232]
65 602 [379, 179, 923, 1, 131, 220, 924, 959, 452, 0, 29, 180, 468, 533, 76, 128, 30, 183, 341, 369, 137, 526, 181, 368, 453, 979, 175, 594, 49, 132, 256, 280, 316, 405, 956, 55, 696, 77, 86, 133, 214, 246, 278, 370, 378, 952, 2, 129, 269, 315, 417, 504, 525, 535, 663, 697, 705, 729, 925, 962, 983, 157, 212, 232, 247]
66 605 [379, 179, 923, 1, 131, 220, 924, 959, 452, 0, 29, 180, 468, 533, 76, 128, 30, 183, 341, 369, 137, 526, 181, 368, 453, 979, 175, 594, 49, 132, 256, 280, 316, 405, 956, 55, 696, 77, 86, 133, 214, 246, 278, 370, 378, 952, 2, 129, 269, 315, 417, 504, 525, 535, 663, 697, 705, 729, 925, 962, 983, 157, 212, 232, 247, 276]
67 608 [379, 179, 923, 1, 131, 220, 924, 959, 452, 0, 29, 180, 468, 533, 76, 128, 30, 183, 341, 369, 137, 526, 181, 368, 453, 979, 175, 594, 49, 132, 256, 280, 316, 405, 956, 55, 696, 77, 86, 133, 214, 246, 278, 370, 378, 952, 2, 129, 269, 315, 417, 504, 525, 535, 663, 697, 705, 729, 925, 962, 983, 157, 212, 232, 247, 276, 325]
68 611 [379, 179, 923, 1, 131, 220, 924, 959, 452, 0, 29, 180, 468, 533, 76, 128, 30, 183, 341, 369, 137, 526, 181, 368, 453, 979, 175, 594, 49, 132, 256, 280, 316, 405, 956, 55, 696, 77, 86, 133, 214, 246, 278, 370, 378, 952, 2, 129, 269, 315, 417, 504, 525, 535, 663, 697, 705, 729, 925, 962, 983, 157, 212, 232, 247, 276, 325, 360]
69 614 [379, 179, 923, 1, 131, 220, 924, 959, 452, 0, 29, 180, 468, 533, 76, 128, 30, 183, 341, 369, 137, 526, 181, 368, 453, 979, 175, 594, 49, 132, 256, 280, 316, 405, 956, 55, 696, 77, 86, 133, 214, 246, 278, 370, 378, 952, 2, 129, 269, 315, 417, 504, 525, 535, 663, 697, 705, 729, 925, 962, 983, 157, 212, 232, 247, 276, 325, 360, 429]
70 617 [379, 179, 923, 1, 131, 220, 924, 959, 452, 0, 29, 180, 468, 533, 76, 128, 30, 183, 341, 369, 137, 526, 181, 368, 453, 979, 175, 594, 49, 132, 256, 280, 316, 405, 956, 55, 696, 77, 86, 133, 214, 246, 278, 370, 378, 952, 2, 129, 269, 315, 417, 504, 525, 535, 663, 697, 705, 729, 925, 962, 983, 157, 212, 232, 247, 276, 325, 360, 429, 470]
71 620 [379, 179, 923, 1, 131, 220, 924, 959, 452, 0, 29, 180, 468, 533, 76, 128, 30, 183, 341, 369, 137, 526, 181, 368, 453, 979, 175, 594, 49, 132, 256, 280, 316, 405, 956, 55, 696, 77, 86, 133, 214, 246, 278, 370, 378, 952, 2, 129, 269, 315, 417, 504, 525, 535, 663, 697, 705, 729, 925, 962, 983, 157, 212, 232, 247, 276, 325, 360, 429, 470, 472]
72 623 [379, 179, 923, 1, 131, 220, 924, 959, 452, 0, 29, 180, 468, 533, 76, 128, 30, 183, 341, 369, 137, 526, 181, 368, 453, 979, 175, 594, 49, 132, 256, 280, 316, 405, 956, 55, 696, 77, 86, 133, 214, 246, 278, 370, 378, 952, 2, 129, 269, 315, 417, 504, 525, 535, 663, 697, 705, 729, 925, 962, 983, 157, 212, 232, 247, 276, 325, 360, 429, 470, 472, 473]
73 626 [379, 179, 923, 1, 131, 220, 924, 959, 452, 0, 29, 180, 468, 533, 76, 128, 30, 183, 341, 369, 137, 526, 181, 368, 453, 979, 175, 594, 49, 132, 256, 280, 316, 405, 956, 55, 696, 77, 86, 133, 214, 246, 278, 370, 378, 952, 2, 129, 269, 315, 417, 504, 525, 535, 663, 697, 705, 729, 925, 962, 983, 157, 212, 232, 247, 276, 325, 360, 429, 470, 472, 473, 664]
74 629 [379, 179, 923, 1, 131, 220, 924, 959, 452, 0, 29, 180, 468, 533, 76, 128, 30, 183, 341, 369, 137, 526, 181, 368, 453, 979, 175, 594, 49, 132, 256, 280, 316, 405, 956, 55, 696, 77, 86, 133, 214, 246, 278, 370, 378, 952, 2, 129, 269, 315, 417, 504, 525, 535, 663, 697, 705, 729, 925, 962, 983, 157, 212, 232, 247, 276, 325, 360, 429, 470, 472, 473, 664, 731]
75 632 [379, 179, 923, 1, 131, 220, 924, 959, 452, 0, 29, 180, 468, 533, 76, 128, 30, 183, 341, 369, 137, 526, 181, 368, 453, 979, 175, 594, 49, 132, 256, 280, 316, 405, 956, 55, 696, 77, 86, 133, 214, 246, 278, 370, 378, 952, 2, 129, 269, 315, 417, 504, 525, 535, 663, 697, 705, 729, 925, 962, 983, 157, 212, 232, 247, 276, 325, 360, 429, 470, 472, 473, 664, 731, 963]
76 635 [379, 179, 923, 1, 131, 220, 924, 959, 452, 0, 29, 180, 468, 533, 76, 128, 30, 183, 341, 369, 137, 526, 181, 368, 453, 979, 175, 594, 49, 132, 256, 280, 316, 405, 956, 55, 696, 77, 86, 133, 214, 246, 278, 370, 378, 952, 2, 129, 269, 315, 417, 504, 525, 535, 663, 697, 705, 729, 925, 962, 983, 157, 212, 232, 247, 276, 325, 360, 429, 470, 472, 473, 664, 731, 963, 987]
77 638 [379, 179, 923, 1, 131, 220, 924, 959, 452, 0, 29, 180, 468, 533, 76, 128, 30, 183, 341, 369, 137, 526, 181, 368, 453, 979, 175, 594, 49, 132, 256, 280, 316, 405, 956, 55, 696, 77, 86, 133, 214, 246, 278, 370, 378, 952, 2, 129, 269, 315, 417, 504, 525, 535, 663, 697, 705, 729, 925, 962, 983, 157, 212, 232, 247, 276, 325, 360, 429, 470, 472, 473, 664, 731, 963, 987, 988]
78 640 [379, 179, 923, 1, 131, 220, 924, 959, 452, 0, 29, 180, 468, 533, 76, 128, 30, 183, 341, 369, 137, 526, 181, 368, 453, 979, 175, 594, 49, 132, 256, 280, 316, 405, 956, 55, 696, 77, 86, 133, 214, 246, 278, 370, 378, 952, 2, 129, 269, 315, 417, 504, 525, 535, 663, 697, 705, 729, 925, 962, 983, 157, 212, 232, 247, 276, 325, 360, 429, 470, 472, 473, 664, 731, 963, 987, 988, 4]
79 642 [379, 179, 923, 1, 131, 220, 924, 959, 452, 0, 29, 180, 468, 533, 76, 128, 30, 183, 341, 369, 137, 526, 181, 368, 453, 979, 175, 594, 49, 132, 256, 280, 316, 405, 956, 55, 696, 77, 86, 133, 214, 246, 278, 370, 378, 952, 2, 129, 269, 315, 417, 504, 525, 535, 663, 697, 705, 729, 925, 962, 983, 157, 212, 232, 247, 276, 325, 360, 429, 470, 472, 473, 664, 731, 963, 987, 988, 4, 32]
80 644 [379, 179, 923, 1, 131, 220, 924, 959, 452, 0, 29, 180, 468, 533, 76, 128, 30, 183, 341, 369, 137, 526, 181, 368, 453, 979, 175, 594, 49, 132, 256, 280, 316, 405, 956, 55, 696, 77, 86, 133, 214, 246, 278, 370, 378, 952, 2, 129, 269, 315, 417, 504, 525, 535, 663, 697, 705, 729, 925, 962, 983, 157, 212, 232, 247, 276, 325, 360, 429, 470, 472, 473, 664, 731, 963, 987, 988, 4, 32, 44]
81 646 [379, 179, 923, 1, 131, 220, 924, 959, 452, 0, 29, 180, 468, 533, 76, 128, 30, 183, 341, 369, 137, 526, 181, 368, 453, 979, 175, 594, 49, 132, 256, 280, 316, 405, 956, 55, 696, 77, 86, 133, 214, 246, 278, 370, 378, 952, 2, 129, 269, 315, 417, 504, 525, 535, 663, 697, 705, 729, 925, 962, 983, 157, 212, 232, 247, 276, 325, 360, 429, 470, 472, 473, 664, 731, 963, 987, 988, 4, 32, 44, 48]
82 648 [379, 179, 923, 1, 131, 220, 924, 959, 452, 0, 29, 180, 468, 533, 76, 128, 30, 183, 341, 369, 137, 526, 181, 368, 453, 979, 175, 594, 49, 132, 256, 280, 316, 405, 956, 55, 696, 77, 86, 133, 214, 246, 278, 370, 378, 952, 2, 129, 269, 315, 417, 504, 525, 535, 663, 697, 705, 729, 925, 962, 983, 157, 212, 232, 247, 276, 325, 360, 429, 470, 472, 473, 664, 731, 963, 987, 988, 4, 32, 44, 48, 59]
83 650 [379, 179, 923, 1, 131, 220, 924, 959, 452, 0, 29, 180, 468, 533, 76, 128, 30, 183, 341, 369, 137, 526, 181, 368, 453, 979, 175, 594, 49, 132, 256, 280, 316, 405, 956, 55, 696, 77, 86, 133, 214, 246, 278, 370, 378, 952, 2, 129, 269, 315, 417, 504, 525, 535, 663, 697, 705, 729, 925, 962, 983, 157, 212, 232, 247, 276, 325, 360, 429, 470, 472, 473, 664, 731, 963, 987, 988, 4, 32, 44, 48, 59, 72]
84 652 [379, 179, 923, 1, 131, 220, 924, 959, 452, 0, 29, 180, 468, 533, 76, 128, 30, 183, 341, 369, 137, 526, 181, 368, 453, 979, 175, 594, 49, 132, 256, 280, 316, 405, 956, 55, 696, 77, 86, 133, 214, 246, 278, 370, 378, 952, 2, 129, 269, 315, 417, 504, 525, 535, 663, 697, 705, 729, 925, 962, 983, 157, 212, 232, 247, 276, 325, 360, 429, 470, 472, 473, 664, 731, 963, 987, 988, 4, 32, 44, 48, 59, 72, 107]
85 654 [379, 179, 923, 1, 131, 220, 924, 959, 452, 0, 29, 180, 468, 533, 76, 128, 30, 183, 341, 369, 137, 526, 181, 368, 453, 979, 175, 594, 49, 132, 256, 280, 316, 405, 956, 55, 696, 77, 86, 133, 214, 246, 278, 370, 378, 952, 2, 129, 269, 315, 417, 504, 525, 535, 663, 697, 705, 729, 925, 962, 983, 157, 212, 232, 247, 276, 325, 360, 429, 470, 472, 473, 664, 731, 963, 987, 988, 4, 32, 44, 48, 59, 72, 107, 116]
86 656 [379, 179, 923, 1, 131, 220, 924, 959, 452, 0, 29, 180, 468, 533, 76, 128, 30, 183, 341, 369, 137, 526, 181, 368, 453, 979, 175, 594, 49, 132, 256, 280, 316, 405, 956, 55, 696, 77, 86, 133, 214, 246, 278, 370, 378, 952, 2, 129, 269, 315, 417, 504, 525, 535, 663, 697, 705, 729, 925, 962, 983, 157, 212, 232, 247, 276, 325, 360, 429, 470, 472, 473, 664, 731, 963, 987, 988, 4, 32, 44, 48, 59, 72, 107, 116, 130]
87 658 [379, 179, 923, 1, 131, 220, 924, 959, 452, 0, 29, 180, 468, 533, 76, 128, 30, 183, 341, 369, 137, 526, 181, 368, 453, 979, 175, 594, 49, 132, 256, 280, 316, 405, 956, 55, 696, 77, 86, 133, 214, 246, 278, 370, 378, 952, 2, 129, 269, 315, 417, 504, 525, 535, 663, 697, 705, 729, 925, 962, 983, 157, 212, 232, 247, 276, 325, 360, 429, 470, 472, 473, 664, 731, 963, 987, 988, 4, 32, 44, 48, 59, 72, 107, 116, 130, 159]
88 660 [379, 179, 923, 1, 131, 220, 924, 959, 452, 0, 29, 180, 468, 533, 76, 128, 30, 183, 341, 369, 137, 526, 181, 368, 453, 979, 175, 594, 49, 132, 256, 280, 316, 405, 956, 55, 696, 77, 86, 133, 214, 246, 278, 370, 378, 952, 2, 129, 269, 315, 417, 504, 525, 535, 663, 697, 705, 729, 925, 962, 983, 157, 212, 232, 247, 276, 325, 360, 429, 470, 472, 473, 664, 731, 963, 987, 988, 4, 32, 44, 48, 59, 72, 107, 116, 130, 159, 172]
89 662 [379, 179, 923, 1, 131, 220, 924, 959, 452, 0, 29, 180, 468, 533, 76, 128, 30, 183, 341, 369, 137, 526, 181, 368, 453, 979, 175, 594, 49, 132, 256, 280, 316, 405, 956, 55, 696, 77, 86, 133, 214, 246, 278, 370, 378, 952, 2, 129, 269, 315, 417, 504, 525, 535, 663, 697, 705, 729, 925, 962, 983, 157, 212, 232, 247, 276, 325, 360, 429, 470, 472, 473, 664, 731, 963, 987, 988, 4, 32, 44, 48, 59, 72, 107, 116, 130, 159, 172, 189]
90 664 [379, 179, 923, 1, 131, 220, 924, 959, 452, 0, 29, 180, 468, 533, 76, 128, 30, 183, 341, 369, 137, 526, 181, 368, 453, 979, 175, 594, 49, 132, 256, 280, 316, 405, 956, 55, 696, 77, 86, 133, 214, 246, 278, 370, 378, 952, 2, 129, 269, 315, 417, 504, 525, 535, 663, 697, 705, 729, 925, 962, 983, 157, 212, 232, 247, 276, 325, 360, 429, 470, 472, 473, 664, 731, 963, 987, 988, 4, 32, 44, 48, 59, 72, 107, 116, 130, 159, 172, 189, 209]
91 666 [379, 179, 923, 1, 131, 220, 924, 959, 452, 0, 29, 180, 468, 533, 76, 128, 30, 183, 341, 369, 137, 526, 181, 368, 453, 979, 175, 594, 49, 132, 256, 280, 316, 405, 956, 55, 696, 77, 86, 133, 214, 246, 278, 370, 378, 952, 2, 129, 269, 315, 417, 504, 525, 535, 663, 697, 705, 729, 925, 962, 983, 157, 212, 232, 247, 276, 325, 360, 429, 470, 472, 473, 664, 731, 963, 987, 988, 4, 32, 44, 48, 59, 72, 107, 116, 130, 159, 172, 189, 209, 235]
92 668 [379, 179, 923, 1, 131, 220, 924, 959, 452, 0, 29, 180, 468, 533, 76, 128, 30, 183, 341, 369, 137, 526, 181, 368, 453, 979, 175, 594, 49, 132, 256, 280, 316, 405, 956, 55, 696, 77, 86, 133, 214, 246, 278, 370, 378, 952, 2, 129, 269, 315, 417, 504, 525, 535, 663, 697, 705, 729, 925, 962, 983, 157, 212, 232, 247, 276, 325, 360, 429, 470, 472, 473, 664, 731, 963, 987, 988, 4, 32, 44, 48, 59, 72, 107, 116, 130, 159, 172, 189, 209, 235, 245]
93 670 [379, 179, 923, 1, 131, 220, 924, 959, 452, 0, 29, 180, 468, 533, 76, 128, 30, 183, 341, 369, 137, 526, 181, 368, 453, 979, 175, 594, 49, 132, 256, 280, 316, 405, 956, 55, 696, 77, 86, 133, 214, 246, 278, 370, 378, 952, 2, 129, 269, 315, 417, 504, 525, 535, 663, 697, 705, 729, 925, 962, 983, 157, 212, 232, 247, 276, 325, 360, 429, 470, 472, 473, 664, 731, 963, 987, 988, 4, 32, 44, 48, 59, 72, 107, 116, 130, 159, 172, 189, 209, 235, 245, 277]
94 672 [379, 179, 923, 1, 131, 220, 924, 959, 452, 0, 29, 180, 468, 533, 76, 128, 30, 183, 341, 369, 137, 526, 181, 368, 453, 979, 175, 594, 49, 132, 256, 280, 316, 405, 956, 55, 696, 77, 86, 133, 214, 246, 278, 370, 378, 952, 2, 129, 269, 315, 417, 504, 525, 535, 663, 697, 705, 729, 925, 962, 983, 157, 212, 232, 247, 276, 325, 360, 429, 470, 472, 473, 664, 731, 963, 987, 988, 4, 32, 44, 48, 59, 72, 107, 116, 130, 159, 172, 189, 209, 235, 245, 277, 290]
95 674 [379, 179, 923, 1, 131, 220, 924, 959, 452, 0, 29, 180, 468, 533, 76, 128, 30, 183, 341, 369, 137, 526, 181, 368, 453, 979, 175, 594, 49, 132, 256, 280, 316, 405, 956, 55, 696, 77, 86, 133, 214, 246, 278, 370, 378, 952, 2, 129, 269, 315, 417, 504, 525, 535, 663, 697, 705, 729, 925, 962, 983, 157, 212, 232, 247, 276, 325, 360, 429, 470, 472, 473, 664, 731, 963, 987, 988, 4, 32, 44, 48, 59, 72, 107, 116, 130, 159, 172, 189, 209, 235, 245, 277, 290, 324]
96 676 [379, 179, 923, 1, 131, 220, 924, 959, 452, 0, 29, 180, 468, 533, 76, 128, 30, 183, 341, 369, 137, 526, 181, 368, 453, 979, 175, 594, 49, 132, 256, 280, 316, 405, 956, 55, 696, 77, 86, 133, 214, 246, 278, 370, 378, 952, 2, 129, 269, 315, 417, 504, 525, 535, 663, 697, 705, 729, 925, 962, 983, 157, 212, 232, 247, 276, 325, 360, 429, 470, 472, 473, 664, 731, 963, 987, 988, 4, 32, 44, 48, 59, 72, 107, 116, 130, 159, 172, 189, 209, 235, 245, 277, 290, 324, 384]
97 678 [379, 179, 923, 1, 131, 220, 924, 959, 452, 0, 29, 180, 468, 533, 76, 128, 30, 183, 341, 369, 137, 526, 181, 368, 453, 979, 175, 594, 49, 132, 256, 280, 316, 405, 956, 55, 696, 77, 86, 133, 214, 246, 278, 370, 378, 952, 2, 129, 269, 315, 417, 504, 525, 535, 663, 697, 705, 729, 925, 962, 983, 157, 212, 232, 247, 276, 325, 360, 429, 470, 472, 473, 664, 731, 963, 987, 988, 4, 32, 44, 48, 59, 72, 107, 116, 130, 159, 172, 189, 209, 235, 245, 277, 290, 324, 384, 397]
98 680 [379, 179, 923, 1, 131, 220, 924, 959, 452, 0, 29, 180, 468, 533, 76, 128, 30, 183, 341, 369, 137, 526, 181, 368, 453, 979, 175, 594, 49, 132, 256, 280, 316, 405, 956, 55, 696, 77, 86, 133, 214, 246, 278, 370, 378, 952, 2, 129, 269, 315, 417, 504, 525, 535, 663, 697, 705, 729, 925, 962, 983, 157, 212, 232, 247, 276, 325, 360, 429, 470, 472, 473, 664, 731, 963, 987, 988, 4, 32, 44, 48, 59, 72, 107, 116, 130, 159, 172, 189, 209, 235, 245, 277, 290, 324, 384, 397, 427]
99 682 [379, 179, 923, 1, 131, 220, 924, 959, 452, 0, 29, 180, 468, 533, 76, 128, 30, 183, 341, 369, 137, 526, 181, 368, 453, 979, 175, 594, 49, 132, 256, 280, 316, 405, 956, 55, 696, 77, 86, 133, 214, 246, 278, 370, 378, 952, 2, 129, 269, 315, 417, 504, 525, 535, 663, 697, 705, 729, 925, 962, 983, 157, 212, 232, 247, 276, 325, 360, 429, 470, 472, 473, 664, 731, 963, 987, 988, 4, 32, 44, 48, 59, 72, 107, 116, 130, 159, 172, 189, 209, 235, 245, 277, 290, 324, 384, 397, 427, 444]
100 684 [379, 179, 923, 1, 131, 220, 924, 959, 452, 0, 29, 180, 468, 533, 76, 128, 30, 183, 341, 369, 137, 526, 181, 368, 453, 979, 175, 594, 49, 132, 256, 280, 316, 405, 956, 55, 696, 77, 86, 133, 214, 246, 278, 370, 378, 952, 2, 129, 269, 315, 417, 504, 525, 535, 663, 697, 705, 729, 925, 962, 983, 157, 212, 232, 247, 276, 325, 360, 429, 470, 472, 473, 664, 731, 963, 987, 988, 4, 32, 44, 48, 59, 72, 107, 116, 130, 159, 172, 189, 209, 235, 245, 277, 290, 324, 384, 397, 427, 444, 456]
101 686 [379, 179, 923, 1, 131, 220, 924, 959, 452, 0, 29, 180, 468, 533, 76, 128, 30, 183, 341, 369, 137, 526, 181, 368, 453, 979, 175, 594, 49, 132, 256, 280, 316, 405, 956, 55, 696, 77, 86, 133, 214, 246, 278, 370, 378, 952, 2, 129, 269, 315, 417, 504, 525, 535, 663, 697, 705, 729, 925, 962, 983, 157, 212, 232, 247, 276, 325, 360, 429, 470, 472, 473, 664, 731, 963, 987, 988, 4, 32, 44, 48, 59, 72, 107, 116, 130, 159, 172, 189, 209, 235, 245, 277, 290, 324, 384, 397, 427, 444, 456, 462]
102 688 [379, 179, 923, 1, 131, 220, 924, 959, 452, 0, 29, 180, 468, 533, 76, 128, 30, 183, 341, 369, 137, 526, 181, 368, 453, 979, 175, 594, 49, 132, 256, 280, 316, 405, 956, 55, 696, 77, 86, 133, 214, 246, 278, 370, 378, 952, 2, 129, 269, 315, 417, 504, 525, 535, 663, 697, 705, 729, 925, 962, 983, 157, 212, 232, 247, 276, 325, 360, 429, 470, 472, 473, 664, 731, 963, 987, 988, 4, 32, 44, 48, 59, 72, 107, 116, 130, 159, 172, 189, 209, 235, 245, 277, 290, 324, 384, 397, 427, 444, 456, 462, 463]
103 690 [379, 179, 923, 1, 131, 220, 924, 959, 452, 0, 29, 180, 468, 533, 76, 128, 30, 183, 341, 369, 137, 526, 181, 368, 453, 979, 175, 594, 49, 132, 256, 280, 316, 405, 956, 55, 696, 77, 86, 133, 214, 246, 278, 370, 378, 952, 2, 129, 269, 315, 417, 504, 525, 535, 663, 697, 705, 729, 925, 962, 983, 157, 212, 232, 247, 276, 325, 360, 429, 470, 472, 473, 664, 731, 963, 987, 988, 4, 32, 44, 48, 59, 72, 107, 116, 130, 159, 172, 189, 209, 235, 245, 277, 290, 324, 384, 397, 427, 444, 456, 462, 463, 608]
104 692 [379, 179, 923, 1, 131, 220, 924, 959, 452, 0, 29, 180, 468, 533, 76, 128, 30, 183, 341, 369, 137, 526, 181, 368, 453, 979, 175, 594, 49, 132, 256, 280, 316, 405, 956, 55, 696, 77, 86, 133, 214, 246, 278, 370, 378, 952, 2, 129, 269, 315, 417, 504, 525, 535, 663, 697, 705, 729, 925, 962, 983, 157, 212, 232, 247, 276, 325, 360, 429, 470, 472, 473, 664, 731, 963, 987, 988, 4, 32, 44, 48, 59, 72, 107, 116, 130, 159, 172, 189, 209, 235, 245, 277, 290, 324, 384, 397, 427, 444, 456, 462, 463, 608, 618]
105 694 [379, 179, 923, 1, 131, 220, 924, 959, 452, 0, 29, 180, 468, 533, 76, 128, 30, 183, 341, 369, 137, 526, 181, 368, 453, 979, 175, 594, 49, 132, 256, 280, 316, 405, 956, 55, 696, 77, 86, 133, 214, 246, 278, 370, 378, 952, 2, 129, 269, 315, 417, 504, 525, 535, 663, 697, 705, 729, 925, 962, 983, 157, 212, 232, 247, 276, 325, 360, 429, 470, 472, 473, 664, 731, 963, 987, 988, 4, 32, 44, 48, 59, 72, 107, 116, 130, 159, 172, 189, 209, 235, 245, 277, 290, 324, 384, 397, 427, 444, 456, 462, 463, 608, 618, 645]
106 696 [379, 179, 923, 1, 131, 220, 924, 959, 452, 0, 29, 180, 468, 533, 76, 128, 30, 183, 341, 369, 137, 526, 181, 368, 453, 979, 175, 594, 49, 132, 256, 280, 316, 405, 956, 55, 696, 77, 86, 133, 214, 246, 278, 370, 378, 952, 2, 129, 269, 315, 417, 504, 525, 535, 663, 697, 705, 729, 925, 962, 983, 157, 212, 232, 247, 276, 325, 360, 429, 470, 472, 473, 664, 731, 963, 987, 988, 4, 32, 44, 48, 59, 72, 107, 116, 130, 159, 172, 189, 209, 235, 245, 277, 290, 324, 384, 397, 427, 444, 456, 462, 463, 608, 618, 645, 679]
107 698 [379, 179, 923, 1, 131, 220, 924, 959, 452, 0, 29, 180, 468, 533, 76, 128, 30, 183, 341, 369, 137, 526, 181, 368, 453, 979, 175, 594, 49, 132, 256, 280, 316, 405, 956, 55, 696, 77, 86, 133, 214, 246, 278, 370, 378, 952, 2, 129, 269, 315, 417, 504, 525, 535, 663, 697, 705, 729, 925, 962, 983, 157, 212, 232, 247, 276, 325, 360, 429, 470, 472, 473, 664, 731, 963, 987, 988, 4, 32, 44, 48, 59, 72, 107, 116, 130, 159, 172, 189, 209, 235, 245, 277, 290, 324, 384, 397, 427, 444, 456, 462, 463, 608, 618, 645, 679, 728]
108 700 [379, 179, 923, 1, 131, 220, 924, 959, 452, 0, 29, 180, 468, 533, 76, 128, 30, 183, 341, 369, 137, 526, 181, 368, 453, 979, 175, 594, 49, 132, 256, 280, 316, 405, 956, 55, 696, 77, 86, 133, 214, 246, 278, 370, 378, 952, 2, 129, 269, 315, 417, 504, 525, 535, 663, 697, 705, 729, 925, 962, 983, 157, 212, 232, 247, 276, 325, 360, 429, 470, 472, 473, 664, 731, 963, 987, 988, 4, 32, 44, 48, 59, 72, 107, 116, 130, 159, 172, 189, 209, 235, 245, 277, 290, 324, 384, 397, 427, 444, 456, 462, 463, 608, 618, 645, 679, 728, 823]
109 702 [379, 179, 923, 1, 131, 220, 924, 959, 452, 0, 29, 180, 468, 533, 76, 128, 30, 183, 341, 369, 137, 526, 181, 368, 453, 979, 175, 594, 49, 132, 256, 280, 316, 405, 956, 55, 696, 77, 86, 133, 214, 246, 278, 370, 378, 952, 2, 129, 269, 315, 417, 504, 525, 535, 663, 697, 705, 729, 925, 962, 983, 157, 212, 232, 247, 276, 325, 360, 429, 470, 472, 473, 664, 731, 963, 987, 988, 4, 32, 44, 48, 59, 72, 107, 116, 130, 159, 172, 189, 209, 235, 245, 277, 290, 324, 384, 397, 427, 444, 456, 462, 463, 608, 618, 645, 679, 728, 823, 949]
110 704 [379, 179, 923, 1, 131, 220, 924, 959, 452, 0, 29, 180, 468, 533, 76, 128, 30, 183, 341, 369, 137, 526, 181, 368, 453, 979, 175, 594, 49, 132, 256, 280, 316, 405, 956, 55, 696, 77, 86, 133, 214, 246, 278, 370, 378, 952, 2, 129, 269, 315, 417, 504, 525, 535, 663, 697, 705, 729, 925, 962, 983, 157, 212, 232, 247, 276, 325, 360, 429, 470, 472, 473, 664, 731, 963, 987, 988, 4, 32, 44, 48, 59, 72, 107, 116, 130, 159, 172, 189, 209, 235, 245, 277, 290, 324, 384, 397, 427, 444, 456, 462, 463, 608, 618, 645, 679, 728, 823, 949, 953]
111 706 [379, 179, 923, 1, 131, 220, 924, 959, 452, 0, 29, 180, 468, 533, 76, 128, 30, 183, 341, 369, 137, 526, 181, 368, 453, 979, 175, 594, 49, 132, 256, 280, 316, 405, 956, 55, 696, 77, 86, 133, 214, 246, 278, 370, 378, 952, 2, 129, 269, 315, 417, 504, 525, 535, 663, 697, 705, 729, 925, 962, 983, 157, 212, 232, 247, 276, 325, 360, 429, 470, 472, 473, 664, 731, 963, 987, 988, 4, 32, 44, 48, 59, 72, 107, 116, 130, 159, 172, 189, 209, 235, 245, 277, 290, 324, 384, 397, 427, 444, 456, 462, 463, 608, 618, 645, 679, 728, 823, 949, 953, 965]
112 707 [379, 179, 923, 1, 131, 220, 924, 959, 452, 0, 29, 180, 468, 533, 76, 128, 30, 183, 341, 369, 137, 526, 181, 368, 453, 979, 175, 594, 49, 132, 256, 280, 316, 405, 956, 55, 696, 77, 86, 133, 214, 246, 278, 370, 378, 952, 2, 129, 269, 315, 417, 504, 525, 535, 663, 697, 705, 729, 925, 962, 983, 157, 212, 232, 247, 276, 325, 360, 429, 470, 472, 473, 664, 731, 963, 987, 988, 4, 32, 44, 48, 59, 72, 107, 116, 130, 159, 172, 189, 209, 235, 245, 277, 290, 324, 384, 397, 427, 444, 456, 462, 463, 608, 618, 645, 679, 728, 823, 949, 953, 965, 5]
113 708 [379, 179, 923, 1, 131, 220, 924, 959, 452, 0, 29, 180, 468, 533, 76, 128, 30, 183, 341, 369, 137, 526, 181, 368, 453, 979, 175, 594, 49, 132, 256, 280, 316, 405, 956, 55, 696, 77, 86, 133, 214, 246, 278, 370, 378, 952, 2, 129, 269, 315, 417, 504, 525, 535, 663, 697, 705, 729, 925, 962, 983, 157, 212, 232, 247, 276, 325, 360, 429, 470, 472, 473, 664, 731, 963, 987, 988, 4, 32, 44, 48, 59, 72, 107, 116, 130, 159, 172, 189, 209, 235, 245, 277, 290, 324, 384, 397, 427, 444, 456, 462, 463, 608, 618, 645, 679, 728, 823, 949, 953, 965, 5, 6]
114 709 [379, 179, 923, 1, 131, 220, 924, 959, 452, 0, 29, 180, 468, 533, 76, 128, 30, 183, 341, 369, 137, 526, 181, 368, 453, 979, 175, 594, 49, 132, 256, 280, 316, 405, 956, 55, 696, 77, 86, 133, 214, 246, 278, 370, 378, 952, 2, 129, 269, 315, 417, 504, 525, 535, 663, 697, 705, 729, 925, 962, 983, 157, 212, 232, 247, 276, 325, 360, 429, 470, 472, 473, 664, 731, 963, 987, 988, 4, 32, 44, 48, 59, 72, 107, 116, 130, 159, 172, 189, 209, 235, 245, 277, 290, 324, 384, 397, 427, 444, 456, 462, 463, 608, 618, 645, 679, 728, 823, 949, 953, 965, 5, 6, 7]
115 710 [379, 179, 923, 1, 131, 220, 924, 959, 452, 0, 29, 180, 468, 533, 76, 128, 30, 183, 341, 369, 137, 526, 181, 368, 453, 979, 175, 594, 49, 132, 256, 280, 316, 405, 956, 55, 696, 77, 86, 133, 214, 246, 278, 370, 378, 952, 2, 129, 269, 315, 417, 504, 525, 535, 663, 697, 705, 729, 925, 962, 983, 157, 212, 232, 247, 276, 325, 360, 429, 470, 472, 473, 664, 731, 963, 987, 988, 4, 32, 44, 48, 59, 72, 107, 116, 130, 159, 172, 189, 209, 235, 245, 277, 290, 324, 384, 397, 427, 444, 456, 462, 463, 608, 618, 645, 679, 728, 823, 949, 953, 965, 5, 6, 7, 16]
116 711 [379, 179, 923, 1, 131, 220, 924, 959, 452, 0, 29, 180, 468, 533, 76, 128, 30, 183, 341, 369, 137, 526, 181, 368, 453, 979, 175, 594, 49, 132, 256, 280, 316, 405, 956, 55, 696, 77, 86, 133, 214, 246, 278, 370, 378, 952, 2, 129, 269, 315, 417, 504, 525, 535, 663, 697, 705, 729, 925, 962, 983, 157, 212, 232, 247, 276, 325, 360, 429, 470, 472, 473, 664, 731, 963, 987, 988, 4, 32, 44, 48, 59, 72, 107, 116, 130, 159, 172, 189, 209, 235, 245, 277, 290, 324, 384, 397, 427, 444, 456, 462, 463, 608, 618, 645, 679, 728, 823, 949, 953, 965, 5, 6, 7, 16, 18]
117 712 [379, 179, 923, 1, 131, 220, 924, 959, 452, 0, 29, 180, 468, 533, 76, 128, 30, 183, 341, 369, 137, 526, 181, 368, 453, 979, 175, 594, 49, 132, 256, 280, 316, 405, 956, 55, 696, 77, 86, 133, 214, 246, 278, 370, 378, 952, 2, 129, 269, 315, 417, 504, 525, 535, 663, 697, 705, 729, 925, 962, 983, 157, 212, 232, 247, 276, 325, 360, 429, 470, 472, 473, 664, 731, 963, 987, 988, 4, 32, 44, 48, 59, 72, 107, 116, 130, 159, 172, 189, 209, 235, 245, 277, 290, 324, 384, 397, 427, 444, 456, 462, 463, 608, 618, 645, 679, 728, 823, 949, 953, 965, 5, 6, 7, 16, 18, 37]
118 713 [379, 179, 923, 1, 131, 220, 924, 959, 452, 0, 29, 180, 468, 533, 76, 128, 30, 183, 341, 369, 137, 526, 181, 368, 453, 979, 175, 594, 49, 132, 256, 280, 316, 405, 956, 55, 696, 77, 86, 133, 214, 246, 278, 370, 378, 952, 2, 129, 269, 315, 417, 504, 525, 535, 663, 697, 705, 729, 925, 962, 983, 157, 212, 232, 247, 276, 325, 360, 429, 470, 472, 473, 664, 731, 963, 987, 988, 4, 32, 44, 48, 59, 72, 107, 116, 130, 159, 172, 189, 209, 235, 245, 277, 290, 324, 384, 397, 427, 444, 456, 462, 463, 608, 618, 645, 679, 728, 823, 949, 953, 965, 5, 6, 7, 16, 18, 37, 38]
119 714 [379, 179, 923, 1, 131, 220, 924, 959, 452, 0, 29, 180, 468, 533, 76, 128, 30, 183, 341, 369, 137, 526, 181, 368, 453, 979, 175, 594, 49, 132, 256, 280, 316, 405, 956, 55, 696, 77, 86, 133, 214, 246, 278, 370, 378, 952, 2, 129, 269, 315, 417, 504, 525, 535, 663, 697, 705, 729, 925, 962, 983, 157, 212, 232, 247, 276, 325, 360, 429, 470, 472, 473, 664, 731, 963, 987, 988, 4, 32, 44, 48, 59, 72, 107, 116, 130, 159, 172, 189, 209, 235, 245, 277, 290, 324, 384, 397, 427, 444, 456, 462, 463, 608, 618, 645, 679, 728, 823, 949, 953, 965, 5, 6, 7, 16, 18, 37, 38, 41]
120 715 [379, 179, 923, 1, 131, 220, 924, 959, 452, 0, 29, 180, 468, 533, 76, 128, 30, 183, 341, 369, 137, 526, 181, 368, 453, 979, 175, 594, 49, 132, 256, 280, 316, 405, 956, 55, 696, 77, 86, 133, 214, 246, 278, 370, 378, 952, 2, 129, 269, 315, 417, 504, 525, 535, 663, 697, 705, 729, 925, 962, 983, 157, 212, 232, 247, 276, 325, 360, 429, 470, 472, 473, 664, 731, 963, 987, 988, 4, 32, 44, 48, 59, 72, 107, 116, 130, 159, 172, 189, 209, 235, 245, 277, 290, 324, 384, 397, 427, 444, 456, 462, 463, 608, 618, 645, 679, 728, 823, 949, 953, 965, 5, 6, 7, 16, 18, 37, 38, 41, 52]
121 716 [379, 179, 923, 1, 131, 220, 924, 959, 452, 0, 29, 180, 468, 533, 76, 128, 30, 183, 341, 369, 137, 526, 181, 368, 453, 979, 175, 594, 49, 132, 256, 280, 316, 405, 956, 55, 696, 77, 86, 133, 214, 246, 278, 370, 378, 952, 2, 129, 269, 315, 417, 504, 525, 535, 663, 697, 705, 729, 925, 962, 983, 157, 212, 232, 247, 276, 325, 360, 429, 470, 472, 473, 664, 731, 963, 987, 988, 4, 32, 44, 48, 59, 72, 107, 116, 130, 159, 172, 189, 209, 235, 245, 277, 290, 324, 384, 397, 427, 444, 456, 462, 463, 608, 618, 645, 679, 728, 823, 949, 953, 965, 5, 6, 7, 16, 18, 37, 38, 41, 52, 54]
122 717 [379, 179, 923, 1, 131, 220, 924, 959, 452, 0, 29, 180, 468, 533, 76, 128, 30, 183, 341, 369, 137, 526, 181, 368, 453, 979, 175, 594, 49, 132, 256, 280, 316, 405, 956, 55, 696, 77, 86, 133, 214, 246, 278, 370, 378, 952, 2, 129, 269, 315, 417, 504, 525, 535, 663, 697, 705, 729, 925, 962, 983, 157, 212, 232, 247, 276, 325, 360, 429, 470, 472, 473, 664, 731, 963, 987, 988, 4, 32, 44, 48, 59, 72, 107, 116, 130, 159, 172, 189, 209, 235, 245, 277, 290, 324, 384, 397, 427, 444, 456, 462, 463, 608, 618, 645, 679, 728, 823, 949, 953, 965, 5, 6, 7, 16, 18, 37, 38, 41, 52, 54, 57]
123 718 [379, 179, 923, 1, 131, 220, 924, 959, 452, 0, 29, 180, 468, 533, 76, 128, 30, 183, 341, 369, 137, 526, 181, 368, 453, 979, 175, 594, 49, 132, 256, 280, 316, 405, 956, 55, 696, 77, 86, 133, 214, 246, 278, 370, 378, 952, 2, 129, 269, 315, 417, 504, 525, 535, 663, 697, 705, 729, 925, 962, 983, 157, 212, 232, 247, 276, 325, 360, 429, 470, 472, 473, 664, 731, 963, 987, 988, 4, 32, 44, 48, 59, 72, 107, 116, 130, 159, 172, 189, 209, 235, 245, 277, 290, 324, 384, 397, 427, 444, 456, 462, 463, 608, 618, 645, 679, 728, 823, 949, 953, 965, 5, 6, 7, 16, 18, 37, 38, 41, 52, 54, 57, 93]
124 719 [379, 179, 923, 1, 131, 220, 924, 959, 452, 0, 29, 180, 468, 533, 76, 128, 30, 183, 341, 369, 137, 526, 181, 368, 453, 979, 175, 594, 49, 132, 256, 280, 316, 405, 956, 55, 696, 77, 86, 133, 214, 246, 278, 370, 378, 952, 2, 129, 269, 315, 417, 504, 525, 535, 663, 697, 705, 729, 925, 962, 983, 157, 212, 232, 247, 276, 325, 360, 429, 470, 472, 473, 664, 731, 963, 987, 988, 4, 32, 44, 48, 59, 72, 107, 116, 130, 159, 172, 189, 209, 235, 245, 277, 290, 324, 384, 397, 427, 444, 456, 462, 463, 608, 618, 645, 679, 728, 823, 949, 953, 965, 5, 6, 7, 16, 18, 37, 38, 41, 52, 54, 57, 93, 99]
125 720 [379, 179, 923, 1, 131, 220, 924, 959, 452, 0, 29, 180, 468, 533, 76, 128, 30, 183, 341, 369, 137, 526, 181, 368, 453, 979, 175, 594, 49, 132, 256, 280, 316, 405, 956, 55, 696, 77, 86, 133, 214, 246, 278, 370, 378, 952, 2, 129, 269, 315, 417, 504, 525, 535, 663, 697, 705, 729, 925, 962, 983, 157, 212, 232, 247, 276, 325, 360, 429, 470, 472, 473, 664, 731, 963, 987, 988, 4, 32, 44, 48, 59, 72, 107, 116, 130, 159, 172, 189, 209, 235, 245, 277, 290, 324, 384, 397, 427, 444, 456, 462, 463, 608, 618, 645, 679, 728, 823, 949, 953, 965, 5, 6, 7, 16, 18, 37, 38, 41, 52, 54, 57, 93, 99, 108]
126 721 [379, 179, 923, 1, 131, 220, 924, 959, 452, 0, 29, 180, 468, 533, 76, 128, 30, 183, 341, 369, 137, 526, 181, 368, 453, 979, 175, 594, 49, 132, 256, 280, 316, 405, 956, 55, 696, 77, 86, 133, 214, 246, 278, 370, 378, 952, 2, 129, 269, 315, 417, 504, 525, 535, 663, 697, 705, 729, 925, 962, 983, 157, 212, 232, 247, 276, 325, 360, 429, 470, 472, 473, 664, 731, 963, 987, 988, 4, 32, 44, 48, 59, 72, 107, 116, 130, 159, 172, 189, 209, 235, 245, 277, 290, 324, 384, 397, 427, 444, 456, 462, 463, 608, 618, 645, 679, 728, 823, 949, 953, 965, 5, 6, 7, 16, 18, 37, 38, 41, 52, 54, 57, 93, 99, 108, 119]
127 722 [379, 179, 923, 1, 131, 220, 924, 959, 452, 0, 29, 180, 468, 533, 76, 128, 30, 183, 341, 369, 137, 526, 181, 368, 453, 979, 175, 594, 49, 132, 256, 280, 316, 405, 956, 55, 696, 77, 86, 133, 214, 246, 278, 370, 378, 952, 2, 129, 269, 315, 417, 504, 525, 535, 663, 697, 705, 729, 925, 962, 983, 157, 212, 232, 247, 276, 325, 360, 429, 470, 472, 473, 664, 731, 963, 987, 988, 4, 32, 44, 48, 59, 72, 107, 116, 130, 159, 172, 189, 209, 235, 245, 277, 290, 324, 384, 397, 427, 444, 456, 462, 463, 608, 618, 645, 679, 728, 823, 949, 953, 965, 5, 6, 7, 16, 18, 37, 38, 41, 52, 54, 57, 93, 99, 108, 119, 125]
128 723 [379, 179, 923, 1, 131, 220, 924, 959, 452, 0, 29, 180, 468, 533, 76, 128, 30, 183, 341, 369, 137, 526, 181, 368, 453, 979, 175, 594, 49, 132, 256, 280, 316, 405, 956, 55, 696, 77, 86, 133, 214, 246, 278, 370, 378, 952, 2, 129, 269, 315, 417, 504, 525, 535, 663, 697, 705, 729, 925, 962, 983, 157, 212, 232, 247, 276, 325, 360, 429, 470, 472, 473, 664, 731, 963, 987, 988, 4, 32, 44, 48, 59, 72, 107, 116, 130, 159, 172, 189, 209, 235, 245, 277, 290, 324, 384, 397, 427, 444, 456, 462, 463, 608, 618, 645, 679, 728, 823, 949, 953, 965, 5, 6, 7, 16, 18, 37, 38, 41, 52, 54, 57, 93, 99, 108, 119, 125, 140]
129 724 [379, 179, 923, 1, 131, 220, 924, 959, 452, 0, 29, 180, 468, 533, 76, 128, 30, 183, 341, 369, 137, 526, 181, 368, 453, 979, 175, 594, 49, 132, 256, 280, 316, 405, 956, 55, 696, 77, 86, 133, 214, 246, 278, 370, 378, 952, 2, 129, 269, 315, 417, 504, 525, 535, 663, 697, 705, 729, 925, 962, 983, 157, 212, 232, 247, 276, 325, 360, 429, 470, 472, 473, 664, 731, 963, 987, 988, 4, 32, 44, 48, 59, 72, 107, 116, 130, 159, 172, 189, 209, 235, 245, 277, 290, 324, 384, 397, 427, 444, 456, 462, 463, 608, 618, 645, 679, 728, 823, 949, 953, 965, 5, 6, 7, 16, 18, 37, 38, 41, 52, 54, 57, 93, 99, 108, 119, 125, 140, 149]
130 725 [379, 179, 923, 1, 131, 220, 924, 959, 452, 0, 29, 180, 468, 533, 76, 128, 30, 183, 341, 369, 137, 526, 181, 368, 453, 979, 175, 594, 49, 132, 256, 280, 316, 405, 956, 55, 696, 77, 86, 133, 214, 246, 278, 370, 378, 952, 2, 129, 269, 315, 417, 504, 525, 535, 663, 697, 705, 729, 925, 962, 983, 157, 212, 232, 247, 276, 325, 360, 429, 470, 472, 473, 664, 731, 963, 987, 988, 4, 32, 44, 48, 59, 72, 107, 116, 130, 159, 172, 189, 209, 235, 245, 277, 290, 324, 384, 397, 427, 444, 456, 462, 463, 608, 618, 645, 679, 728, 823, 949, 953, 965, 5, 6, 7, 16, 18, 37, 38, 41, 52, 54, 57, 93, 99, 108, 119, 125, 140, 149, 169]
131 726 [379, 179, 923, 1, 131, 220, 924, 959, 452, 0, 29, 180, 468, 533, 76, 128, 30, 183, 341, 369, 137, 526, 181, 368, 453, 979, 175, 594, 49, 132, 256, 280, 316, 405, 956, 55, 696, 77, 86, 133, 214, 246, 278, 370, 378, 952, 2, 129, 269, 315, 417, 504, 525, 535, 663, 697, 705, 729, 925, 962, 983, 157, 212, 232, 247, 276, 325, 360, 429, 470, 472, 473, 664, 731, 963, 987, 988, 4, 32, 44, 48, 59, 72, 107, 116, 130, 159, 172, 189, 209, 235, 245, 277, 290, 324, 384, 397, 427, 444, 456, 462, 463, 608, 618, 645, 679, 728, 823, 949, 953, 965, 5, 6, 7, 16, 18, 37, 38, 41, 52, 54, 57, 93, 99, 108, 119, 125, 140, 149, 169, 177]
132 727 [379, 179, 923, 1, 131, 220, 924, 959, 452, 0, 29, 180, 468, 533, 76, 128, 30, 183, 341, 369, 137, 526, 181, 368, 453, 979, 175, 594, 49, 132, 256, 280, 316, 405, 956, 55, 696, 77, 86, 133, 214, 246, 278, 370, 378, 952, 2, 129, 269, 315, 417, 504, 525, 535, 663, 697, 705, 729, 925, 962, 983, 157, 212, 232, 247, 276, 325, 360, 429, 470, 472, 473, 664, 731, 963, 987, 988, 4, 32, 44, 48, 59, 72, 107, 116, 130, 159, 172, 189, 209, 235, 245, 277, 290, 324, 384, 397, 427, 444, 456, 462, 463, 608, 618, 645, 679, 728, 823, 949, 953, 965, 5, 6, 7, 16, 18, 37, 38, 41, 52, 54, 57, 93, 99, 108, 119, 125, 140, 149, 169, 177, 182]
133 728 [379, 179, 923, 1, 131, 220, 924, 959, 452, 0, 29, 180, 468, 533, 76, 128, 30, 183, 341, 369, 137, 526, 181, 368, 453, 979, 175, 594, 49, 132, 256, 280, 316, 405, 956, 55, 696, 77, 86, 133, 214, 246, 278, 370, 378, 952, 2, 129, 269, 315, 417, 504, 525, 535, 663, 697, 705, 729, 925, 962, 983, 157, 212, 232, 247, 276, 325, 360, 429, 470, 472, 473, 664, 731, 963, 987, 988, 4, 32, 44, 48, 59, 72, 107, 116, 130, 159, 172, 189, 209, 235, 245, 277, 290, 324, 384, 397, 427, 444, 456, 462, 463, 608, 618, 645, 679, 728, 823, 949, 953, 965, 5, 6, 7, 16, 18, 37, 38, 41, 52, 54, 57, 93, 99, 108, 119, 125, 140, 149, 169, 177, 182, 187]
134 729 [379, 179, 923, 1, 131, 220, 924, 959, 452, 0, 29, 180, 468, 533, 76, 128, 30, 183, 341, 369, 137, 526, 181, 368, 453, 979, 175, 594, 49, 132, 256, 280, 316, 405, 956, 55, 696, 77, 86, 133, 214, 246, 278, 370, 378, 952, 2, 129, 269, 315, 417, 504, 525, 535, 663, 697, 705, 729, 925, 962, 983, 157, 212, 232, 247, 276, 325, 360, 429, 470, 472, 473, 664, 731, 963, 987, 988, 4, 32, 44, 48, 59, 72, 107, 116, 130, 159, 172, 189, 209, 235, 245, 277, 290, 324, 384, 397, 427, 444, 456, 462, 463, 608, 618, 645, 679, 728, 823, 949, 953, 965, 5, 6, 7, 16, 18, 37, 38, 41, 52, 54, 57, 93, 99, 108, 119, 125, 140, 149, 169, 177, 182, 187, 226]
135 730 [379, 179, 923, 1, 131, 220, 924, 959, 452, 0, 29, 180, 468, 533, 76, 128, 30, 183, 341, 369, 137, 526, 181, 368, 453, 979, 175, 594, 49, 132, 256, 280, 316, 405, 956, 55, 696, 77, 86, 133, 214, 246, 278, 370, 378, 952, 2, 129, 269, 315, 417, 504, 525, 535, 663, 697, 705, 729, 925, 962, 983, 157, 212, 232, 247, 276, 325, 360, 429, 470, 472, 473, 664, 731, 963, 987, 988, 4, 32, 44, 48, 59, 72, 107, 116, 130, 159, 172, 189, 209, 235, 245, 277, 290, 324, 384, 397, 427, 444, 456, 462, 463, 608, 618, 645, 679, 728, 823, 949, 953, 965, 5, 6, 7, 16, 18, 37, 38, 41, 52, 54, 57, 93, 99, 108, 119, 125, 140, 149, 169, 177, 182, 187, 226, 239]
136 731 [379, 179, 923, 1, 131, 220, 924, 959, 452, 0, 29, 180, 468, 533, 76, 128, 30, 183, 341, 369, 137, 526, 181, 368, 453, 979, 175, 594, 49, 132, 256, 280, 316, 405, 956, 55, 696, 77, 86, 133, 214, 246, 278, 370, 378, 952, 2, 129, 269, 315, 417, 504, 525, 535, 663, 697, 705, 729, 925, 962, 983, 157, 212, 232, 247, 276, 325, 360, 429, 470, 472, 473, 664, 731, 963, 987, 988, 4, 32, 44, 48, 59, 72, 107, 116, 130, 159, 172, 189, 209, 235, 245, 277, 290, 324, 384, 397, 427, 444, 456, 462, 463, 608, 618, 645, 679, 728, 823, 949, 953, 965, 5, 6, 7, 16, 18, 37, 38, 41, 52, 54, 57, 93, 99, 108, 119, 125, 140, 149, 169, 177, 182, 187, 226, 239, 252]
137 732 [379, 179, 923, 1, 131, 220, 924, 959, 452, 0, 29, 180, 468, 533, 76, 128, 30, 183, 341, 369, 137, 526, 181, 368, 453, 979, 175, 594, 49, 132, 256, 280, 316, 405, 956, 55, 696, 77, 86, 133, 214, 246, 278, 370, 378, 952, 2, 129, 269, 315, 417, 504, 525, 535, 663, 697, 705, 729, 925, 962, 983, 157, 212, 232, 247, 276, 325, 360, 429, 470, 472, 473, 664, 731, 963, 987, 988, 4, 32, 44, 48, 59, 72, 107, 116, 130, 159, 172, 189, 209, 235, 245, 277, 290, 324, 384, 397, 427, 444, 456, 462, 463, 608, 618, 645, 679, 728, 823, 949, 953, 965, 5, 6, 7, 16, 18, 37, 38, 41, 52, 54, 57, 93, 99, 108, 119, 125, 140, 149, 169, 177, 182, 187, 226, 239, 252, 266]
138 733 [379, 179, 923, 1, 131, 220, 924, 959, 452, 0, 29, 180, 468, 533, 76, 128, 30, 183, 341, 369, 137, 526, 181, 368, 453, 979, 175, 594, 49, 132, 256, 280, 316, 405, 956, 55, 696, 77, 86, 133, 214, 246, 278, 370, 378, 952, 2, 129, 269, 315, 417, 504, 525, 535, 663, 697, 705, 729, 925, 962, 983, 157, 212, 232, 247, 276, 325, 360, 429, 470, 472, 473, 664, 731, 963, 987, 988, 4, 32, 44, 48, 59, 72, 107, 116, 130, 159, 172, 189, 209, 235, 245, 277, 290, 324, 384, 397, 427, 444, 456, 462, 463, 608, 618, 645, 679, 728, 823, 949, 953, 965, 5, 6, 7, 16, 18, 37, 38, 41, 52, 54, 57, 93, 99, 108, 119, 125, 140, 149, 169, 177, 182, 187, 226, 239, 252, 266, 271]
139 734 [379, 179, 923, 1, 131, 220, 924, 959, 452, 0, 29, 180, 468, 533, 76, 128, 30, 183, 341, 369, 137, 526, 181, 368, 453, 979, 175, 594, 49, 132, 256, 280, 316, 405, 956, 55, 696, 77, 86, 133, 214, 246, 278, 370, 378, 952, 2, 129, 269, 315, 417, 504, 525, 535, 663, 697, 705, 729, 925, 962, 983, 157, 212, 232, 247, 276, 325, 360, 429, 470, 472, 473, 664, 731, 963, 987, 988, 4, 32, 44, 48, 59, 72, 107, 116, 130, 159, 172, 189, 209, 235, 245, 277, 290, 324, 384, 397, 427, 444, 456, 462, 463, 608, 618, 645, 679, 728, 823, 949, 953, 965, 5, 6, 7, 16, 18, 37, 38, 41, 52, 54, 57, 93, 99, 108, 119, 125, 140, 149, 169, 177, 182, 187, 226, 239, 252, 266, 271, 282]
140 735 [379, 179, 923, 1, 131, 220, 924, 959, 452, 0, 29, 180, 468, 533, 76, 128, 30, 183, 341, 369, 137, 526, 181, 368, 453, 979, 175, 594, 49, 132, 256, 280, 316, 405, 956, 55, 696, 77, 86, 133, 214, 246, 278, 370, 378, 952, 2, 129, 269, 315, 417, 504, 525, 535, 663, 697, 705, 729, 925, 962, 983, 157, 212, 232, 247, 276, 325, 360, 429, 470, 472, 473, 664, 731, 963, 987, 988, 4, 32, 44, 48, 59, 72, 107, 116, 130, 159, 172, 189, 209, 235, 245, 277, 290, 324, 384, 397, 427, 444, 456, 462, 463, 608, 618, 645, 679, 728, 823, 949, 953, 965, 5, 6, 7, 16, 18, 37, 38, 41, 52, 54, 57, 93, 99, 108, 119, 125, 140, 149, 169, 177, 182, 187, 226, 239, 252, 266, 271, 282, 286]
141 736 [379, 179, 923, 1, 131, 220, 924, 959, 452, 0, 29, 180, 468, 533, 76, 128, 30, 183, 341, 369, 137, 526, 181, 368, 453, 979, 175, 594, 49, 132, 256, 280, 316, 405, 956, 55, 696, 77, 86, 133, 214, 246, 278, 370, 378, 952, 2, 129, 269, 315, 417, 504, 525, 535, 663, 697, 705, 729, 925, 962, 983, 157, 212, 232, 247, 276, 325, 360, 429, 470, 472, 473, 664, 731, 963, 987, 988, 4, 32, 44, 48, 59, 72, 107, 116, 130, 159, 172, 189, 209, 235, 245, 277, 290, 324, 384, 397, 427, 444, 456, 462, 463, 608, 618, 645, 679, 728, 823, 949, 953, 965, 5, 6, 7, 16, 18, 37, 38, 41, 52, 54, 57, 93, 99, 108, 119, 125, 140, 149, 169, 177, 182, 187, 226, 239, 252, 266, 271, 282, 286, 302]
142 737 [379, 179, 923, 1, 131, 220, 924, 959, 452, 0, 29, 180, 468, 533, 76, 128, 30, 183, 341, 369, 137, 526, 181, 368, 453, 979, 175, 594, 49, 132, 256, 280, 316, 405, 956, 55, 696, 77, 86, 133, 214, 246, 278, 370, 378, 952, 2, 129, 269, 315, 417, 504, 525, 535, 663, 697, 705, 729, 925, 962, 983, 157, 212, 232, 247, 276, 325, 360, 429, 470, 472, 473, 664, 731, 963, 987, 988, 4, 32, 44, 48, 59, 72, 107, 116, 130, 159, 172, 189, 209, 235, 245, 277, 290, 324, 384, 397, 427, 444, 456, 462, 463, 608, 618, 645, 679, 728, 823, 949, 953, 965, 5, 6, 7, 16, 18, 37, 38, 41, 52, 54, 57, 93, 99, 108, 119, 125, 140, 149, 169, 177, 182, 187, 226, 239, 252, 266, 271, 282, 286, 302, 310]
143 738 [379, 179, 923, 1, 131, 220, 924, 959, 452, 0, 29, 180, 468, 533, 76, 128, 30, 183, 341, 369, 137, 526, 181, 368, 453, 979, 175, 594, 49, 132, 256, 280, 316, 405, 956, 55, 696, 77, 86, 133, 214, 246, 278, 370, 378, 952, 2, 129, 269, 315, 417, 504, 525, 535, 663, 697, 705, 729, 925, 962, 983, 157, 212, 232, 247, 276, 325, 360, 429, 470, 472, 473, 664, 731, 963, 987, 988, 4, 32, 44, 48, 59, 72, 107, 116, 130, 159, 172, 189, 209, 235, 245, 277, 290, 324, 384, 397, 427, 444, 456, 462, 463, 608, 618, 645, 679, 728, 823, 949, 953, 965, 5, 6, 7, 16, 18, 37, 38, 41, 52, 54, 57, 93, 99, 108, 119, 125, 140, 149, 169, 177, 182, 187, 226, 239, 252, 266, 271, 282, 286, 302, 310, 338]
144 739 [379, 179, 923, 1, 131, 220, 924, 959, 452, 0, 29, 180, 468, 533, 76, 128, 30, 183, 341, 369, 137, 526, 181, 368, 453, 979, 175, 594, 49, 132, 256, 280, 316, 405, 956, 55, 696, 77, 86, 133, 214, 246, 278, 370, 378, 952, 2, 129, 269, 315, 417, 504, 525, 535, 663, 697, 705, 729, 925, 962, 983, 157, 212, 232, 247, 276, 325, 360, 429, 470, 472, 473, 664, 731, 963, 987, 988, 4, 32, 44, 48, 59, 72, 107, 116, 130, 159, 172, 189, 209, 235, 245, 277, 290, 324, 384, 397, 427, 444, 456, 462, 463, 608, 618, 645, 679, 728, 823, 949, 953, 965, 5, 6, 7, 16, 18, 37, 38, 41, 52, 54, 57, 93, 99, 108, 119, 125, 140, 149, 169, 177, 182, 187, 226, 239, 252, 266, 271, 282, 286, 302, 310, 338, 349]
145 740 [379, 179, 923, 1, 131, 220, 924, 959, 452, 0, 29, 180, 468, 533, 76, 128, 30, 183, 341, 369, 137, 526, 181, 368, 453, 979, 175, 594, 49, 132, 256, 280, 316, 405, 956, 55, 696, 77, 86, 133, 214, 246, 278, 370, 378, 952, 2, 129, 269, 315, 417, 504, 525, 535, 663, 697, 705, 729, 925, 962, 983, 157, 212, 232, 247, 276, 325, 360, 429, 470, 472, 473, 664, 731, 963, 987, 988, 4, 32, 44, 48, 59, 72, 107, 116, 130, 159, 172, 189, 209, 235, 245, 277, 290, 324, 384, 397, 427, 444, 456, 462, 463, 608, 618, 645, 679, 728, 823, 949, 953, 965, 5, 6, 7, 16, 18, 37, 38, 41, 52, 54, 57, 93, 99, 108, 119, 125, 140, 149, 169, 177, 182, 187, 226, 239, 252, 266, 271, 282, 286, 302, 310, 338, 349, 356]
146 741 [379, 179, 923, 1, 131, 220, 924, 959, 452, 0, 29, 180, 468, 533, 76, 128, 30, 183, 341, 369, 137, 526, 181, 368, 453, 979, 175, 594, 49, 132, 256, 280, 316, 405, 956, 55, 696, 77, 86, 133, 214, 246, 278, 370, 378, 952, 2, 129, 269, 315, 417, 504, 525, 535, 663, 697, 705, 729, 925, 962, 983, 157, 212, 232, 247, 276, 325, 360, 429, 470, 472, 473, 664, 731, 963, 987, 988, 4, 32, 44, 48, 59, 72, 107, 116, 130, 159, 172, 189, 209, 235, 245, 277, 290, 324, 384, 397, 427, 444, 456, 462, 463, 608, 618, 645, 679, 728, 823, 949, 953, 965, 5, 6, 7, 16, 18, 37, 38, 41, 52, 54, 57, 93, 99, 108, 119, 125, 140, 149, 169, 177, 182, 187, 226, 239, 252, 266, 271, 282, 286, 302, 310, 338, 349, 356, 371]
147 742 [379, 179, 923, 1, 131, 220, 924, 959, 452, 0, 29, 180, 468, 533, 76, 128, 30, 183, 341, 369, 137, 526, 181, 368, 453, 979, 175, 594, 49, 132, 256, 280, 316, 405, 956, 55, 696, 77, 86, 133, 214, 246, 278, 370, 378, 952, 2, 129, 269, 315, 417, 504, 525, 535, 663, 697, 705, 729, 925, 962, 983, 157, 212, 232, 247, 276, 325, 360, 429, 470, 472, 473, 664, 731, 963, 987, 988, 4, 32, 44, 48, 59, 72, 107, 116, 130, 159, 172, 189, 209, 235, 245, 277, 290, 324, 384, 397, 427, 444, 456, 462, 463, 608, 618, 645, 679, 728, 823, 949, 953, 965, 5, 6, 7, 16, 18, 37, 38, 41, 52, 54, 57, 93, 99, 108, 119, 125, 140, 149, 169, 177, 182, 187, 226, 239, 252, 266, 271, 282, 286, 302, 310, 338, 349, 356, 371, 385]
148 743 [379, 179, 923, 1, 131, 220, 924, 959, 452, 0, 29, 180, 468, 533, 76, 128, 30, 183, 341, 369, 137, 526, 181, 368, 453, 979, 175, 594, 49, 132, 256, 280, 316, 405, 956, 55, 696, 77, 86, 133, 214, 246, 278, 370, 378, 952, 2, 129, 269, 315, 417, 504, 525, 535, 663, 697, 705, 729, 925, 962, 983, 157, 212, 232, 247, 276, 325, 360, 429, 470, 472, 473, 664, 731, 963, 987, 988, 4, 32, 44, 48, 59, 72, 107, 116, 130, 159, 172, 189, 209, 235, 245, 277, 290, 324, 384, 397, 427, 444, 456, 462, 463, 608, 618, 645, 679, 728, 823, 949, 953, 965, 5, 6, 7, 16, 18, 37, 38, 41, 52, 54, 57, 93, 99, 108, 119, 125, 140, 149, 169, 177, 182, 187, 226, 239, 252, 266, 271, 282, 286, 302, 310, 338, 349, 356, 371, 385, 396]
149 744 [379, 179, 923, 1, 131, 220, 924, 959, 452, 0, 29, 180, 468, 533, 76, 128, 30, 183, 341, 369, 137, 526, 181, 368, 453, 979, 175, 594, 49, 132, 256, 280, 316, 405, 956, 55, 696, 77, 86, 133, 214, 246, 278, 370, 378, 952, 2, 129, 269, 315, 417, 504, 525, 535, 663, 697, 705, 729, 925, 962, 983, 157, 212, 232, 247, 276, 325, 360, 429, 470, 472, 473, 664, 731, 963, 987, 988, 4, 32, 44, 48, 59, 72, 107, 116, 130, 159, 172, 189, 209, 235, 245, 277, 290, 324, 384, 397, 427, 444, 456, 462, 463, 608, 618, 645, 679, 728, 823, 949, 953, 965, 5, 6, 7, 16, 18, 37, 38, 41, 52, 54, 57, 93, 99, 108, 119, 125, 140, 149, 169, 177, 182, 187, 226, 239, 252, 266, 271, 282, 286, 302, 310, 338, 349, 356, 371, 385, 396, 399]
150 745 [379, 179, 923, 1, 131, 220, 924, 959, 452, 0, 29, 180, 468, 533, 76, 128, 30, 183, 341, 369, 137, 526, 181, 368, 453, 979, 175, 594, 49, 132, 256, 280, 316, 405, 956, 55, 696, 77, 86, 133, 214, 246, 278, 370, 378, 952, 2, 129, 269, 315, 417, 504, 525, 535, 663, 697, 705, 729, 925, 962, 983, 157, 212, 232, 247, 276, 325, 360, 429, 470, 472, 473, 664, 731, 963, 987, 988, 4, 32, 44, 48, 59, 72, 107, 116, 130, 159, 172, 189, 209, 235, 245, 277, 290, 324, 384, 397, 427, 444, 456, 462, 463, 608, 618, 645, 679, 728, 823, 949, 953, 965, 5, 6, 7, 16, 18, 37, 38, 41, 52, 54, 57, 93, 99, 108, 119, 125, 140, 149, 169, 177, 182, 187, 226, 239, 252, 266, 271, 282, 286, 302, 310, 338, 349, 356, 371, 385, 396, 399, 410]
151 746 [379, 179, 923, 1, 131, 220, 924, 959, 452, 0, 29, 180, 468, 533, 76, 128, 30, 183, 341, 369, 137, 526, 181, 368, 453, 979, 175, 594, 49, 132, 256, 280, 316, 405, 956, 55, 696, 77, 86, 133, 214, 246, 278, 370, 378, 952, 2, 129, 269, 315, 417, 504, 525, 535, 663, 697, 705, 729, 925, 962, 983, 157, 212, 232, 247, 276, 325, 360, 429, 470, 472, 473, 664, 731, 963, 987, 988, 4, 32, 44, 48, 59, 72, 107, 116, 130, 159, 172, 189, 209, 235, 245, 277, 290, 324, 384, 397, 427, 444, 456, 462, 463, 608, 618, 645, 679, 728, 823, 949, 953, 965, 5, 6, 7, 16, 18, 37, 38, 41, 52, 54, 57, 93, 99, 108, 119, 125, 140, 149, 169, 177, 182, 187, 226, 239, 252, 266, 271, 282, 286, 302, 310, 338, 349, 356, 371, 385, 396, 399, 410, 418]
152 747 [379, 179, 923, 1, 131, 220, 924, 959, 452, 0, 29, 180, 468, 533, 76, 128, 30, 183, 341, 369, 137, 526, 181, 368, 453, 979, 175, 594, 49, 132, 256, 280, 316, 405, 956, 55, 696, 77, 86, 133, 214, 246, 278, 370, 378, 952, 2, 129, 269, 315, 417, 504, 525, 535, 663, 697, 705, 729, 925, 962, 983, 157, 212, 232, 247, 276, 325, 360, 429, 470, 472, 473, 664, 731, 963, 987, 988, 4, 32, 44, 48, 59, 72, 107, 116, 130, 159, 172, 189, 209, 235, 245, 277, 290, 324, 384, 397, 427, 444, 456, 462, 463, 608, 618, 645, 679, 728, 823, 949, 953, 965, 5, 6, 7, 16, 18, 37, 38, 41, 52, 54, 57, 93, 99, 108, 119, 125, 140, 149, 169, 177, 182, 187, 226, 239, 252, 266, 271, 282, 286, 302, 310, 338, 349, 356, 371, 385, 396, 399, 410, 418, 419]
153 748 [379, 179, 923, 1, 131, 220, 924, 959, 452, 0, 29, 180, 468, 533, 76, 128, 30, 183, 341, 369, 137, 526, 181, 368, 453, 979, 175, 594, 49, 132, 256, 280, 316, 405, 956, 55, 696, 77, 86, 133, 214, 246, 278, 370, 378, 952, 2, 129, 269, 315, 417, 504, 525, 535, 663, 697, 705, 729, 925, 962, 983, 157, 212, 232, 247, 276, 325, 360, 429, 470, 472, 473, 664, 731, 963, 987, 988, 4, 32, 44, 48, 59, 72, 107, 116, 130, 159, 172, 189, 209, 235, 245, 277, 290, 324, 384, 397, 427, 444, 456, 462, 463, 608, 618, 645, 679, 728, 823, 949, 953, 965, 5, 6, 7, 16, 18, 37, 38, 41, 52, 54, 57, 93, 99, 108, 119, 125, 140, 149, 169, 177, 182, 187, 226, 239, 252, 266, 271, 282, 286, 302, 310, 338, 349, 356, 371, 385, 396, 399, 410, 418, 419, 425]
154 749 [379, 179, 923, 1, 131, 220, 924, 959, 452, 0, 29, 180, 468, 533, 76, 128, 30, 183, 341, 369, 137, 526, 181, 368, 453, 979, 175, 594, 49, 132, 256, 280, 316, 405, 956, 55, 696, 77, 86, 133, 214, 246, 278, 370, 378, 952, 2, 129, 269, 315, 417, 504, 525, 535, 663, 697, 705, 729, 925, 962, 983, 157, 212, 232, 247, 276, 325, 360, 429, 470, 472, 473, 664, 731, 963, 987, 988, 4, 32, 44, 48, 59, 72, 107, 116, 130, 159, 172, 189, 209, 235, 245, 277, 290, 324, 384, 397, 427, 444, 456, 462, 463, 608, 618, 645, 679, 728, 823, 949, 953, 965, 5, 6, 7, 16, 18, 37, 38, 41, 52, 54, 57, 93, 99, 108, 119, 125, 140, 149, 169, 177, 182, 187, 226, 239, 252, 266, 271, 282, 286, 302, 310, 338, 349, 356, 371, 385, 396, 399, 410, 418, 419, 425, 454]
155 750 [379, 179, 923, 1, 131, 220, 924, 959, 452, 0, 29, 180, 468, 533, 76, 128, 30, 183, 341, 369, 137, 526, 181, 368, 453, 979, 175, 594, 49, 132, 256, 280, 316, 405, 956, 55, 696, 77, 86, 133, 214, 246, 278, 370, 378, 952, 2, 129, 269, 315, 417, 504, 525, 535, 663, 697, 705, 729, 925, 962, 983, 157, 212, 232, 247, 276, 325, 360, 429, 470, 472, 473, 664, 731, 963, 987, 988, 4, 32, 44, 48, 59, 72, 107, 116, 130, 159, 172, 189, 209, 235, 245, 277, 290, 324, 384, 397, 427, 444, 456, 462, 463, 608, 618, 645, 679, 728, 823, 949, 953, 965, 5, 6, 7, 16, 18, 37, 38, 41, 52, 54, 57, 93, 99, 108, 119, 125, 140, 149, 169, 177, 182, 187, 226, 239, 252, 266, 271, 282, 286, 302, 310, 338, 349, 356, 371, 385, 396, 399, 410, 418, 419, 425, 454, 464]
156 751 [379, 179, 923, 1, 131, 220, 924, 959, 452, 0, 29, 180, 468, 533, 76, 128, 30, 183, 341, 369, 137, 526, 181, 368, 453, 979, 175, 594, 49, 132, 256, 280, 316, 405, 956, 55, 696, 77, 86, 133, 214, 246, 278, 370, 378, 952, 2, 129, 269, 315, 417, 504, 525, 535, 663, 697, 705, 729, 925, 962, 983, 157, 212, 232, 247, 276, 325, 360, 429, 470, 472, 473, 664, 731, 963, 987, 988, 4, 32, 44, 48, 59, 72, 107, 116, 130, 159, 172, 189, 209, 235, 245, 277, 290, 324, 384, 397, 427, 444, 456, 462, 463, 608, 618, 645, 679, 728, 823, 949, 953, 965, 5, 6, 7, 16, 18, 37, 38, 41, 52, 54, 57, 93, 99, 108, 119, 125, 140, 149, 169, 177, 182, 187, 226, 239, 252, 266, 271, 282, 286, 302, 310, 338, 349, 356, 371, 385, 396, 399, 410, 418, 419, 425, 454, 464, 465]
157 752 [379, 179, 923, 1, 131, 220, 924, 959, 452, 0, 29, 180, 468, 533, 76, 128, 30, 183, 341, 369, 137, 526, 181, 368, 453, 979, 175, 594, 49, 132, 256, 280, 316, 405, 956, 55, 696, 77, 86, 133, 214, 246, 278, 370, 378, 952, 2, 129, 269, 315, 417, 504, 525, 535, 663, 697, 705, 729, 925, 962, 983, 157, 212, 232, 247, 276, 325, 360, 429, 470, 472, 473, 664, 731, 963, 987, 988, 4, 32, 44, 48, 59, 72, 107, 116, 130, 159, 172, 189, 209, 235, 245, 277, 290, 324, 384, 397, 427, 444, 456, 462, 463, 608, 618, 645, 679, 728, 823, 949, 953, 965, 5, 6, 7, 16, 18, 37, 38, 41, 52, 54, 57, 93, 99, 108, 119, 125, 140, 149, 169, 177, 182, 187, 226, 239, 252, 266, 271, 282, 286, 302, 310, 338, 349, 356, 371, 385, 396, 399, 410, 418, 419, 425, 454, 464, 465, 469]
158 753 [379, 179, 923, 1, 131, 220, 924, 959, 452, 0, 29, 180, 468, 533, 76, 128, 30, 183, 341, 369, 137, 526, 181, 368, 453, 979, 175, 594, 49, 132, 256, 280, 316, 405, 956, 55, 696, 77, 86, 133, 214, 246, 278, 370, 378, 952, 2, 129, 269, 315, 417, 504, 525, 535, 663, 697, 705, 729, 925, 962, 983, 157, 212, 232, 247, 276, 325, 360, 429, 470, 472, 473, 664, 731, 963, 987, 988, 4, 32, 44, 48, 59, 72, 107, 116, 130, 159, 172, 189, 209, 235, 245, 277, 290, 324, 384, 397, 427, 444, 456, 462, 463, 608, 618, 645, 679, 728, 823, 949, 953, 965, 5, 6, 7, 16, 18, 37, 38, 41, 52, 54, 57, 93, 99, 108, 119, 125, 140, 149, 169, 177, 182, 187, 226, 239, 252, 266, 271, 282, 286, 302, 310, 338, 349, 356, 371, 385, 396, 399, 410, 418, 419, 425, 454, 464, 465, 469, 475]
159 754 [379, 179, 923, 1, 131, 220, 924, 959, 452, 0, 29, 180, 468, 533, 76, 128, 30, 183, 341, 369, 137, 526, 181, 368, 453, 979, 175, 594, 49, 132, 256, 280, 316, 405, 956, 55, 696, 77, 86, 133, 214, 246, 278, 370, 378, 952, 2, 129, 269, 315, 417, 504, 525, 535, 663, 697, 705, 729, 925, 962, 983, 157, 212, 232, 247, 276, 325, 360, 429, 470, 472, 473, 664, 731, 963, 987, 988, 4, 32, 44, 48, 59, 72, 107, 116, 130, 159, 172, 189, 209, 235, 245, 277, 290, 324, 384, 397, 427, 444, 456, 462, 463, 608, 618, 645, 679, 728, 823, 949, 953, 965, 5, 6, 7, 16, 18, 37, 38, 41, 52, 54, 57, 93, 99, 108, 119, 125, 140, 149, 169, 177, 182, 187, 226, 239, 252, 266, 271, 282, 286, 302, 310, 338, 349, 356, 371, 385, 396, 399, 410, 418, 419, 425, 454, 464, 465, 469, 475, 492]
160 755 [379, 179, 923, 1, 131, 220, 924, 959, 452, 0, 29, 180, 468, 533, 76, 128, 30, 183, 341, 369, 137, 526, 181, 368, 453, 979, 175, 594, 49, 132, 256, 280, 316, 405, 956, 55, 696, 77, 86, 133, 214, 246, 278, 370, 378, 952, 2, 129, 269, 315, 417, 504, 525, 535, 663, 697, 705, 729, 925, 962, 983, 157, 212, 232, 247, 276, 325, 360, 429, 470, 472, 473, 664, 731, 963, 987, 988, 4, 32, 44, 48, 59, 72, 107, 116, 130, 159, 172, 189, 209, 235, 245, 277, 290, 324, 384, 397, 427, 444, 456, 462, 463, 608, 618, 645, 679, 728, 823, 949, 953, 965, 5, 6, 7, 16, 18, 37, 38, 41, 52, 54, 57, 93, 99, 108, 119, 125, 140, 149, 169, 177, 182, 187, 226, 239, 252, 266, 271, 282, 286, 302, 310, 338, 349, 356, 371, 385, 396, 399, 410, 418, 419, 425, 454, 464, 465, 469, 475, 492, 500]
161 756 [379, 179, 923, 1, 131, 220, 924, 959, 452, 0, 29, 180, 468, 533, 76, 128, 30, 183, 341, 369, 137, 526, 181, 368, 453, 979, 175, 594, 49, 132, 256, 280, 316, 405, 956, 55, 696, 77, 86, 133, 214, 246, 278, 370, 378, 952, 2, 129, 269, 315, 417, 504, 525, 535, 663, 697, 705, 729, 925, 962, 983, 157, 212, 232, 247, 276, 325, 360, 429, 470, 472, 473, 664, 731, 963, 987, 988, 4, 32, 44, 48, 59, 72, 107, 116, 130, 159, 172, 189, 209, 235, 245, 277, 290, 324, 384, 397, 427, 444, 456, 462, 463, 608, 618, 645, 679, 728, 823, 949, 953, 965, 5, 6, 7, 16, 18, 37, 38, 41, 52, 54, 57, 93, 99, 108, 119, 125, 140, 149, 169, 177, 182, 187, 226, 239, 252, 266, 271, 282, 286, 302, 310, 338, 349, 356, 371, 385, 396, 399, 410, 418, 419, 425, 454, 464, 465, 469, 475, 492, 500, 514]
162 757 [379, 179, 923, 1, 131, 220, 924, 959, 452, 0, 29, 180, 468, 533, 76, 128, 30, 183, 341, 369, 137, 526, 181, 368, 453, 979, 175, 594, 49, 132, 256, 280, 316, 405, 956, 55, 696, 77, 86, 133, 214, 246, 278, 370, 378, 952, 2, 129, 269, 315, 417, 504, 525, 535, 663, 697, 705, 729, 925, 962, 983, 157, 212, 232, 247, 276, 325, 360, 429, 470, 472, 473, 664, 731, 963, 987, 988, 4, 32, 44, 48, 59, 72, 107, 116, 130, 159, 172, 189, 209, 235, 245, 277, 290, 324, 384, 397, 427, 444, 456, 462, 463, 608, 618, 645, 679, 728, 823, 949, 953, 965, 5, 6, 7, 16, 18, 37, 38, 41, 52, 54, 57, 93, 99, 108, 119, 125, 140, 149, 169, 177, 182, 187, 226, 239, 252, 266, 271, 282, 286, 302, 310, 338, 349, 356, 371, 385, 396, 399, 410, 418, 419, 425, 454, 464, 465, 469, 475, 492, 500, 514, 523]
163 758 [379, 179, 923, 1, 131, 220, 924, 959, 452, 0, 29, 180, 468, 533, 76, 128, 30, 183, 341, 369, 137, 526, 181, 368, 453, 979, 175, 594, 49, 132, 256, 280, 316, 405, 956, 55, 696, 77, 86, 133, 214, 246, 278, 370, 378, 952, 2, 129, 269, 315, 417, 504, 525, 535, 663, 697, 705, 729, 925, 962, 983, 157, 212, 232, 247, 276, 325, 360, 429, 470, 472, 473, 664, 731, 963, 987, 988, 4, 32, 44, 48, 59, 72, 107, 116, 130, 159, 172, 189, 209, 235, 245, 277, 290, 324, 384, 397, 427, 444, 456, 462, 463, 608, 618, 645, 679, 728, 823, 949, 953, 965, 5, 6, 7, 16, 18, 37, 38, 41, 52, 54, 57, 93, 99, 108, 119, 125, 140, 149, 169, 177, 182, 187, 226, 239, 252, 266, 271, 282, 286, 302, 310, 338, 349, 356, 371, 385, 396, 399, 410, 418, 419, 425, 454, 464, 465, 469, 475, 492, 500, 514, 523, 524]
164 759 [379, 179, 923, 1, 131, 220, 924, 959, 452, 0, 29, 180, 468, 533, 76, 128, 30, 183, 341, 369, 137, 526, 181, 368, 453, 979, 175, 594, 49, 132, 256, 280, 316, 405, 956, 55, 696, 77, 86, 133, 214, 246, 278, 370, 378, 952, 2, 129, 269, 315, 417, 504, 525, 535, 663, 697, 705, 729, 925, 962, 983, 157, 212, 232, 247, 276, 325, 360, 429, 470, 472, 473, 664, 731, 963, 987, 988, 4, 32, 44, 48, 59, 72, 107, 116, 130, 159, 172, 189, 209, 235, 245, 277, 290, 324, 384, 397, 427, 444, 456, 462, 463, 608, 618, 645, 679, 728, 823, 949, 953, 965, 5, 6, 7, 16, 18, 37, 38, 41, 52, 54, 57, 93, 99, 108, 119, 125, 140, 149, 169, 177, 182, 187, 226, 239, 252, 266, 271, 282, 286, 302, 310, 338, 349, 356, 371, 385, 396, 399, 410, 418, 419, 425, 454, 464, 465, 469, 475, 492, 500, 514, 523, 524, 527]
165 760 [379, 179, 923, 1, 131, 220, 924, 959, 452, 0, 29, 180, 468, 533, 76, 128, 30, 183, 341, 369, 137, 526, 181, 368, 453, 979, 175, 594, 49, 132, 256, 280, 316, 405, 956, 55, 696, 77, 86, 133, 214, 246, 278, 370, 378, 952, 2, 129, 269, 315, 417, 504, 525, 535, 663, 697, 705, 729, 925, 962, 983, 157, 212, 232, 247, 276, 325, 360, 429, 470, 472, 473, 664, 731, 963, 987, 988, 4, 32, 44, 48, 59, 72, 107, 116, 130, 159, 172, 189, 209, 235, 245, 277, 290, 324, 384, 397, 427, 444, 456, 462, 463, 608, 618, 645, 679, 728, 823, 949, 953, 965, 5, 6, 7, 16, 18, 37, 38, 41, 52, 54, 57, 93, 99, 108, 119, 125, 140, 149, 169, 177, 182, 187, 226, 239, 252, 266, 271, 282, 286, 302, 310, 338, 349, 356, 371, 385, 396, 399, 410, 418, 419, 425, 454, 464, 465, 469, 475, 492, 500, 514, 523, 524, 527, 530]
166 761 [379, 179, 923, 1, 131, 220, 924, 959, 452, 0, 29, 180, 468, 533, 76, 128, 30, 183, 341, 369, 137, 526, 181, 368, 453, 979, 175, 594, 49, 132, 256, 280, 316, 405, 956, 55, 696, 77, 86, 133, 214, 246, 278, 370, 378, 952, 2, 129, 269, 315, 417, 504, 525, 535, 663, 697, 705, 729, 925, 962, 983, 157, 212, 232, 247, 276, 325, 360, 429, 470, 472, 473, 664, 731, 963, 987, 988, 4, 32, 44, 48, 59, 72, 107, 116, 130, 159, 172, 189, 209, 235, 245, 277, 290, 324, 384, 397, 427, 444, 456, 462, 463, 608, 618, 645, 679, 728, 823, 949, 953, 965, 5, 6, 7, 16, 18, 37, 38, 41, 52, 54, 57, 93, 99, 108, 119, 125, 140, 149, 169, 177, 182, 187, 226, 239, 252, 266, 271, 282, 286, 302, 310, 338, 349, 356, 371, 385, 396, 399, 410, 418, 419, 425, 454, 464, 465, 469, 475, 492, 500, 514, 523, 524, 527, 530, 536]
167 762 [379, 179, 923, 1, 131, 220, 924, 959, 452, 0, 29, 180, 468, 533, 76, 128, 30, 183, 341, 369, 137, 526, 181, 368, 453, 979, 175, 594, 49, 132, 256, 280, 316, 405, 956, 55, 696, 77, 86, 133, 214, 246, 278, 370, 378, 952, 2, 129, 269, 315, 417, 504, 525, 535, 663, 697, 705, 729, 925, 962, 983, 157, 212, 232, 247, 276, 325, 360, 429, 470, 472, 473, 664, 731, 963, 987, 988, 4, 32, 44, 48, 59, 72, 107, 116, 130, 159, 172, 189, 209, 235, 245, 277, 290, 324, 384, 397, 427, 444, 456, 462, 463, 608, 618, 645, 679, 728, 823, 949, 953, 965, 5, 6, 7, 16, 18, 37, 38, 41, 52, 54, 57, 93, 99, 108, 119, 125, 140, 149, 169, 177, 182, 187, 226, 239, 252, 266, 271, 282, 286, 302, 310, 338, 349, 356, 371, 385, 396, 399, 410, 418, 419, 425, 454, 464, 465, 469, 475, 492, 500, 514, 523, 524, 527, 530, 536, 539]
168 763 [379, 179, 923, 1, 131, 220, 924, 959, 452, 0, 29, 180, 468, 533, 76, 128, 30, 183, 341, 369, 137, 526, 181, 368, 453, 979, 175, 594, 49, 132, 256, 280, 316, 405, 956, 55, 696, 77, 86, 133, 214, 246, 278, 370, 378, 952, 2, 129, 269, 315, 417, 504, 525, 535, 663, 697, 705, 729, 925, 962, 983, 157, 212, 232, 247, 276, 325, 360, 429, 470, 472, 473, 664, 731, 963, 987, 988, 4, 32, 44, 48, 59, 72, 107, 116, 130, 159, 172, 189, 209, 235, 245, 277, 290, 324, 384, 397, 427, 444, 456, 462, 463, 608, 618, 645, 679, 728, 823, 949, 953, 965, 5, 6, 7, 16, 18, 37, 38, 41, 52, 54, 57, 93, 99, 108, 119, 125, 140, 149, 169, 177, 182, 187, 226, 239, 252, 266, 271, 282, 286, 302, 310, 338, 349, 356, 371, 385, 396, 399, 410, 418, 419, 425, 454, 464, 465, 469, 475, 492, 500, 514, 523, 524, 527, 530, 536, 539, 540]
169 764 [379, 179, 923, 1, 131, 220, 924, 959, 452, 0, 29, 180, 468, 533, 76, 128, 30, 183, 341, 369, 137, 526, 181, 368, 453, 979, 175, 594, 49, 132, 256, 280, 316, 405, 956, 55, 696, 77, 86, 133, 214, 246, 278, 370, 378, 952, 2, 129, 269, 315, 417, 504, 525, 535, 663, 697, 705, 729, 925, 962, 983, 157, 212, 232, 247, 276, 325, 360, 429, 470, 472, 473, 664, 731, 963, 987, 988, 4, 32, 44, 48, 59, 72, 107, 116, 130, 159, 172, 189, 209, 235, 245, 277, 290, 324, 384, 397, 427, 444, 456, 462, 463, 608, 618, 645, 679, 728, 823, 949, 953, 965, 5, 6, 7, 16, 18, 37, 38, 41, 52, 54, 57, 93, 99, 108, 119, 125, 140, 149, 169, 177, 182, 187, 226, 239, 252, 266, 271, 282, 286, 302, 310, 338, 349, 356, 371, 385, 396, 399, 410, 418, 419, 425, 454, 464, 465, 469, 475, 492, 500, 514, 523, 524, 527, 530, 536, 539, 540, 543]
170 765 [379, 179, 923, 1, 131, 220, 924, 959, 452, 0, 29, 180, 468, 533, 76, 128, 30, 183, 341, 369, 137, 526, 181, 368, 453, 979, 175, 594, 49, 132, 256, 280, 316, 405, 956, 55, 696, 77, 86, 133, 214, 246, 278, 370, 378, 952, 2, 129, 269, 315, 417, 504, 525, 535, 663, 697, 705, 729, 925, 962, 983, 157, 212, 232, 247, 276, 325, 360, 429, 470, 472, 473, 664, 731, 963, 987, 988, 4, 32, 44, 48, 59, 72, 107, 116, 130, 159, 172, 189, 209, 235, 245, 277, 290, 324, 384, 397, 427, 444, 456, 462, 463, 608, 618, 645, 679, 728, 823, 949, 953, 965, 5, 6, 7, 16, 18, 37, 38, 41, 52, 54, 57, 93, 99, 108, 119, 125, 140, 149, 169, 177, 182, 187, 226, 239, 252, 266, 271, 282, 286, 302, 310, 338, 349, 356, 371, 385, 396, 399, 410, 418, 419, 425, 454, 464, 465, 469, 475, 492, 500, 514, 523, 524, 527, 530, 536, 539, 540, 543, 549]
171 766 [379, 179, 923, 1, 131, 220, 924, 959, 452, 0, 29, 180, 468, 533, 76, 128, 30, 183, 341, 369, 137, 526, 181, 368, 453, 979, 175, 594, 49, 132, 256, 280, 316, 405, 956, 55, 696, 77, 86, 133, 214, 246, 278, 370, 378, 952, 2, 129, 269, 315, 417, 504, 525, 535, 663, 697, 705, 729, 925, 962, 983, 157, 212, 232, 247, 276, 325, 360, 429, 470, 472, 473, 664, 731, 963, 987, 988, 4, 32, 44, 48, 59, 72, 107, 116, 130, 159, 172, 189, 209, 235, 245, 277, 290, 324, 384, 397, 427, 444, 456, 462, 463, 608, 618, 645, 679, 728, 823, 949, 953, 965, 5, 6, 7, 16, 18, 37, 38, 41, 52, 54, 57, 93, 99, 108, 119, 125, 140, 149, 169, 177, 182, 187, 226, 239, 252, 266, 271, 282, 286, 302, 310, 338, 349, 356, 371, 385, 396, 399, 410, 418, 419, 425, 454, 464, 465, 469, 475, 492, 500, 514, 523, 524, 527, 530, 536, 539, 540, 543, 549, 555]
172 767 [379, 179, 923, 1, 131, 220, 924, 959, 452, 0, 29, 180, 468, 533, 76, 128, 30, 183, 341, 369, 137, 526, 181, 368, 453, 979, 175, 594, 49, 132, 256, 280, 316, 405, 956, 55, 696, 77, 86, 133, 214, 246, 278, 370, 378, 952, 2, 129, 269, 315, 417, 504, 525, 535, 663, 697, 705, 729, 925, 962, 983, 157, 212, 232, 247, 276, 325, 360, 429, 470, 472, 473, 664, 731, 963, 987, 988, 4, 32, 44, 48, 59, 72, 107, 116, 130, 159, 172, 189, 209, 235, 245, 277, 290, 324, 384, 397, 427, 444, 456, 462, 463, 608, 618, 645, 679, 728, 823, 949, 953, 965, 5, 6, 7, 16, 18, 37, 38, 41, 52, 54, 57, 93, 99, 108, 119, 125, 140, 149, 169, 177, 182, 187, 226, 239, 252, 266, 271, 282, 286, 302, 310, 338, 349, 356, 371, 385, 396, 399, 410, 418, 419, 425, 454, 464, 465, 469, 475, 492, 500, 514, 523, 524, 527, 530, 536, 539, 540, 543, 549, 555, 571]
173 768 [379, 179, 923, 1, 131, 220, 924, 959, 452, 0, 29, 180, 468, 533, 76, 128, 30, 183, 341, 369, 137, 526, 181, 368, 453, 979, 175, 594, 49, 132, 256, 280, 316, 405, 956, 55, 696, 77, 86, 133, 214, 246, 278, 370, 378, 952, 2, 129, 269, 315, 417, 504, 525, 535, 663, 697, 705, 729, 925, 962, 983, 157, 212, 232, 247, 276, 325, 360, 429, 470, 472, 473, 664, 731, 963, 987, 988, 4, 32, 44, 48, 59, 72, 107, 116, 130, 159, 172, 189, 209, 235, 245, 277, 290, 324, 384, 397, 427, 444, 456, 462, 463, 608, 618, 645, 679, 728, 823, 949, 953, 965, 5, 6, 7, 16, 18, 37, 38, 41, 52, 54, 57, 93, 99, 108, 119, 125, 140, 149, 169, 177, 182, 187, 226, 239, 252, 266, 271, 282, 286, 302, 310, 338, 349, 356, 371, 385, 396, 399, 410, 418, 419, 425, 454, 464, 465, 469, 475, 492, 500, 514, 523, 524, 527, 530, 536, 539, 540, 543, 549, 555, 571, 588]
174 769 [379, 179, 923, 1, 131, 220, 924, 959, 452, 0, 29, 180, 468, 533, 76, 128, 30, 183, 341, 369, 137, 526, 181, 368, 453, 979, 175, 594, 49, 132, 256, 280, 316, 405, 956, 55, 696, 77, 86, 133, 214, 246, 278, 370, 378, 952, 2, 129, 269, 315, 417, 504, 525, 535, 663, 697, 705, 729, 925, 962, 983, 157, 212, 232, 247, 276, 325, 360, 429, 470, 472, 473, 664, 731, 963, 987, 988, 4, 32, 44, 48, 59, 72, 107, 116, 130, 159, 172, 189, 209, 235, 245, 277, 290, 324, 384, 397, 427, 444, 456, 462, 463, 608, 618, 645, 679, 728, 823, 949, 953, 965, 5, 6, 7, 16, 18, 37, 38, 41, 52, 54, 57, 93, 99, 108, 119, 125, 140, 149, 169, 177, 182, 187, 226, 239, 252, 266, 271, 282, 286, 302, 310, 338, 349, 356, 371, 385, 396, 399, 410, 418, 419, 425, 454, 464, 465, 469, 475, 492, 500, 514, 523, 524, 527, 530, 536, 539, 540, 543, 549, 555, 571, 588, 606]
175 770 [379, 179, 923, 1, 131, 220, 924, 959, 452, 0, 29, 180, 468, 533, 76, 128, 30, 183, 341, 369, 137, 526, 181, 368, 453, 979, 175, 594, 49, 132, 256, 280, 316, 405, 956, 55, 696, 77, 86, 133, 214, 246, 278, 370, 378, 952, 2, 129, 269, 315, 417, 504, 525, 535, 663, 697, 705, 729, 925, 962, 983, 157, 212, 232, 247, 276, 325, 360, 429, 470, 472, 473, 664, 731, 963, 987, 988, 4, 32, 44, 48, 59, 72, 107, 116, 130, 159, 172, 189, 209, 235, 245, 277, 290, 324, 384, 397, 427, 444, 456, 462, 463, 608, 618, 645, 679, 728, 823, 949, 953, 965, 5, 6, 7, 16, 18, 37, 38, 41, 52, 54, 57, 93, 99, 108, 119, 125, 140, 149, 169, 177, 182, 187, 226, 239, 252, 266, 271, 282, 286, 302, 310, 338, 349, 356, 371, 385, 396, 399, 410, 418, 419, 425, 454, 464, 465, 469, 475, 492, 500, 514, 523, 524, 527, 530, 536, 539, 540, 543, 549, 555, 571, 588, 606, 632]
176 771 [379, 179, 923, 1, 131, 220, 924, 959, 452, 0, 29, 180, 468, 533, 76, 128, 30, 183, 341, 369, 137, 526, 181, 368, 453, 979, 175, 594, 49, 132, 256, 280, 316, 405, 956, 55, 696, 77, 86, 133, 214, 246, 278, 370, 378, 952, 2, 129, 269, 315, 417, 504, 525, 535, 663, 697, 705, 729, 925, 962, 983, 157, 212, 232, 247, 276, 325, 360, 429, 470, 472, 473, 664, 731, 963, 987, 988, 4, 32, 44, 48, 59, 72, 107, 116, 130, 159, 172, 189, 209, 235, 245, 277, 290, 324, 384, 397, 427, 444, 456, 462, 463, 608, 618, 645, 679, 728, 823, 949, 953, 965, 5, 6, 7, 16, 18, 37, 38, 41, 52, 54, 57, 93, 99, 108, 119, 125, 140, 149, 169, 177, 182, 187, 226, 239, 252, 266, 271, 282, 286, 302, 310, 338, 349, 356, 371, 385, 396, 399, 410, 418, 419, 425, 454, 464, 465, 469, 475, 492, 500, 514, 523, 524, 527, 530, 536, 539, 540, 543, 549, 555, 571, 588, 606, 632, 650]
177 772 [379, 179, 923, 1, 131, 220, 924, 959, 452, 0, 29, 180, 468, 533, 76, 128, 30, 183, 341, 369, 137, 526, 181, 368, 453, 979, 175, 594, 49, 132, 256, 280, 316, 405, 956, 55, 696, 77, 86, 133, 214, 246, 278, 370, 378, 952, 2, 129, 269, 315, 417, 504, 525, 535, 663, 697, 705, 729, 925, 962, 983, 157, 212, 232, 247, 276, 325, 360, 429, 470, 472, 473, 664, 731, 963, 987, 988, 4, 32, 44, 48, 59, 72, 107, 116, 130, 159, 172, 189, 209, 235, 245, 277, 290, 324, 384, 397, 427, 444, 456, 462, 463, 608, 618, 645, 679, 728, 823, 949, 953, 965, 5, 6, 7, 16, 18, 37, 38, 41, 52, 54, 57, 93, 99, 108, 119, 125, 140, 149, 169, 177, 182, 187, 226, 239, 252, 266, 271, 282, 286, 302, 310, 338, 349, 356, 371, 385, 396, 399, 410, 418, 419, 425, 454, 464, 465, 469, 475, 492, 500, 514, 523, 524, 527, 530, 536, 539, 540, 543, 549, 555, 571, 588, 606, 632, 650, 677]
178 773 [379, 179, 923, 1, 131, 220, 924, 959, 452, 0, 29, 180, 468, 533, 76, 128, 30, 183, 341, 369, 137, 526, 181, 368, 453, 979, 175, 594, 49, 132, 256, 280, 316, 405, 956, 55, 696, 77, 86, 133, 214, 246, 278, 370, 378, 952, 2, 129, 269, 315, 417, 504, 525, 535, 663, 697, 705, 729, 925, 962, 983, 157, 212, 232, 247, 276, 325, 360, 429, 470, 472, 473, 664, 731, 963, 987, 988, 4, 32, 44, 48, 59, 72, 107, 116, 130, 159, 172, 189, 209, 235, 245, 277, 290, 324, 384, 397, 427, 444, 456, 462, 463, 608, 618, 645, 679, 728, 823, 949, 953, 965, 5, 6, 7, 16, 18, 37, 38, 41, 52, 54, 57, 93, 99, 108, 119, 125, 140, 149, 169, 177, 182, 187, 226, 239, 252, 266, 271, 282, 286, 302, 310, 338, 349, 356, 371, 385, 396, 399, 410, 418, 419, 425, 454, 464, 465, 469, 475, 492, 500, 514, 523, 524, 527, 530, 536, 539, 540, 543, 549, 555, 571, 588, 606, 632, 650, 677, 686]
179 774 [379, 179, 923, 1, 131, 220, 924, 959, 452, 0, 29, 180, 468, 533, 76, 128, 30, 183, 341, 369, 137, 526, 181, 368, 453, 979, 175, 594, 49, 132, 256, 280, 316, 405, 956, 55, 696, 77, 86, 133, 214, 246, 278, 370, 378, 952, 2, 129, 269, 315, 417, 504, 525, 535, 663, 697, 705, 729, 925, 962, 983, 157, 212, 232, 247, 276, 325, 360, 429, 470, 472, 473, 664, 731, 963, 987, 988, 4, 32, 44, 48, 59, 72, 107, 116, 130, 159, 172, 189, 209, 235, 245, 277, 290, 324, 384, 397, 427, 444, 456, 462, 463, 608, 618, 645, 679, 728, 823, 949, 953, 965, 5, 6, 7, 16, 18, 37, 38, 41, 52, 54, 57, 93, 99, 108, 119, 125, 140, 149, 169, 177, 182, 187, 226, 239, 252, 266, 271, 282, 286, 302, 310, 338, 349, 356, 371, 385, 396, 399, 410, 418, 419, 425, 454, 464, 465, 469, 475, 492, 500, 514, 523, 524, 527, 530, 536, 539, 540, 543, 549, 555, 571, 588, 606, 632, 650, 677, 686, 691]
180 775 [379, 179, 923, 1, 131, 220, 924, 959, 452, 0, 29, 180, 468, 533, 76, 128, 30, 183, 341, 369, 137, 526, 181, 368, 453, 979, 175, 594, 49, 132, 256, 280, 316, 405, 956, 55, 696, 77, 86, 133, 214, 246, 278, 370, 378, 952, 2, 129, 269, 315, 417, 504, 525, 535, 663, 697, 705, 729, 925, 962, 983, 157, 212, 232, 247, 276, 325, 360, 429, 470, 472, 473, 664, 731, 963, 987, 988, 4, 32, 44, 48, 59, 72, 107, 116, 130, 159, 172, 189, 209, 235, 245, 277, 290, 324, 384, 397, 427, 444, 456, 462, 463, 608, 618, 645, 679, 728, 823, 949, 953, 965, 5, 6, 7, 16, 18, 37, 38, 41, 52, 54, 57, 93, 99, 108, 119, 125, 140, 149, 169, 177, 182, 187, 226, 239, 252, 266, 271, 282, 286, 302, 310, 338, 349, 356, 371, 385, 396, 399, 410, 418, 419, 425, 454, 464, 465, 469, 475, 492, 500, 514, 523, 524, 527, 530, 536, 539, 540, 543, 549, 555, 571, 588, 606, 632, 650, 677, 686, 691, 732]
181 776 [379, 179, 923, 1, 131, 220, 924, 959, 452, 0, 29, 180, 468, 533, 76, 128, 30, 183, 341, 369, 137, 526, 181, 368, 453, 979, 175, 594, 49, 132, 256, 280, 316, 405, 956, 55, 696, 77, 86, 133, 214, 246, 278, 370, 378, 952, 2, 129, 269, 315, 417, 504, 525, 535, 663, 697, 705, 729, 925, 962, 983, 157, 212, 232, 247, 276, 325, 360, 429, 470, 472, 473, 664, 731, 963, 987, 988, 4, 32, 44, 48, 59, 72, 107, 116, 130, 159, 172, 189, 209, 235, 245, 277, 290, 324, 384, 397, 427, 444, 456, 462, 463, 608, 618, 645, 679, 728, 823, 949, 953, 965, 5, 6, 7, 16, 18, 37, 38, 41, 52, 54, 57, 93, 99, 108, 119, 125, 140, 149, 169, 177, 182, 187, 226, 239, 252, 266, 271, 282, 286, 302, 310, 338, 349, 356, 371, 385, 396, 399, 410, 418, 419, 425, 454, 464, 465, 469, 475, 492, 500, 514, 523, 524, 527, 530, 536, 539, 540, 543, 549, 555, 571, 588, 606, 632, 650, 677, 686, 691, 732, 733]
182 777 [379, 179, 923, 1, 131, 220, 924, 959, 452, 0, 29, 180, 468, 533, 76, 128, 30, 183, 341, 369, 137, 526, 181, 368, 453, 979, 175, 594, 49, 132, 256, 280, 316, 405, 956, 55, 696, 77, 86, 133, 214, 246, 278, 370, 378, 952, 2, 129, 269, 315, 417, 504, 525, 535, 663, 697, 705, 729, 925, 962, 983, 157, 212, 232, 247, 276, 325, 360, 429, 470, 472, 473, 664, 731, 963, 987, 988, 4, 32, 44, 48, 59, 72, 107, 116, 130, 159, 172, 189, 209, 235, 245, 277, 290, 324, 384, 397, 427, 444, 456, 462, 463, 608, 618, 645, 679, 728, 823, 949, 953, 965, 5, 6, 7, 16, 18, 37, 38, 41, 52, 54, 57, 93, 99, 108, 119, 125, 140, 149, 169, 177, 182, 187, 226, 239, 252, 266, 271, 282, 286, 302, 310, 338, 349, 356, 371, 385, 396, 399, 410, 418, 419, 425, 454, 464, 465, 469, 475, 492, 500, 514, 523, 524, 527, 530, 536, 539, 540, 543, 549, 555, 571, 588, 606, 632, 650, 677, 686, 691, 732, 733, 746]
183 778 [379, 179, 923, 1, 131, 220, 924, 959, 452, 0, 29, 180, 468, 533, 76, 128, 30, 183, 341, 369, 137, 526, 181, 368, 453, 979, 175, 594, 49, 132, 256, 280, 316, 405, 956, 55, 696, 77, 86, 133, 214, 246, 278, 370, 378, 952, 2, 129, 269, 315, 417, 504, 525, 535, 663, 697, 705, 729, 925, 962, 983, 157, 212, 232, 247, 276, 325, 360, 429, 470, 472, 473, 664, 731, 963, 987, 988, 4, 32, 44, 48, 59, 72, 107, 116, 130, 159, 172, 189, 209, 235, 245, 277, 290, 324, 384, 397, 427, 444, 456, 462, 463, 608, 618, 645, 679, 728, 823, 949, 953, 965, 5, 6, 7, 16, 18, 37, 38, 41, 52, 54, 57, 93, 99, 108, 119, 125, 140, 149, 169, 177, 182, 187, 226, 239, 252, 266, 271, 282, 286, 302, 310, 338, 349, 356, 371, 385, 396, 399, 410, 418, 419, 425, 454, 464, 465, 469, 475, 492, 500, 514, 523, 524, 527, 530, 536, 539, 540, 543, 549, 555, 571, 588, 606, 632, 650, 677, 686, 691, 732, 733, 746, 750]
184 779 [379, 179, 923, 1, 131, 220, 924, 959, 452, 0, 29, 180, 468, 533, 76, 128, 30, 183, 341, 369, 137, 526, 181, 368, 453, 979, 175, 594, 49, 132, 256, 280, 316, 405, 956, 55, 696, 77, 86, 133, 214, 246, 278, 370, 378, 952, 2, 129, 269, 315, 417, 504, 525, 535, 663, 697, 705, 729, 925, 962, 983, 157, 212, 232, 247, 276, 325, 360, 429, 470, 472, 473, 664, 731, 963, 987, 988, 4, 32, 44, 48, 59, 72, 107, 116, 130, 159, 172, 189, 209, 235, 245, 277, 290, 324, 384, 397, 427, 444, 456, 462, 463, 608, 618, 645, 679, 728, 823, 949, 953, 965, 5, 6, 7, 16, 18, 37, 38, 41, 52, 54, 57, 93, 99, 108, 119, 125, 140, 149, 169, 177, 182, 187, 226, 239, 252, 266, 271, 282, 286, 302, 310, 338, 349, 356, 371, 385, 396, 399, 410, 418, 419, 425, 454, 464, 465, 469, 475, 492, 500, 514, 523, 524, 527, 530, 536, 539, 540, 543, 549, 555, 571, 588, 606, 632, 650, 677, 686, 691, 732, 733, 746, 750, 774]
185 780 [379, 179, 923, 1, 131, 220, 924, 959, 452, 0, 29, 180, 468, 533, 76, 128, 30, 183, 341, 369, 137, 526, 181, 368, 453, 979, 175, 594, 49, 132, 256, 280, 316, 405, 956, 55, 696, 77, 86, 133, 214, 246, 278, 370, 378, 952, 2, 129, 269, 315, 417, 504, 525, 535, 663, 697, 705, 729, 925, 962, 983, 157, 212, 232, 247, 276, 325, 360, 429, 470, 472, 473, 664, 731, 963, 987, 988, 4, 32, 44, 48, 59, 72, 107, 116, 130, 159, 172, 189, 209, 235, 245, 277, 290, 324, 384, 397, 427, 444, 456, 462, 463, 608, 618, 645, 679, 728, 823, 949, 953, 965, 5, 6, 7, 16, 18, 37, 38, 41, 52, 54, 57, 93, 99, 108, 119, 125, 140, 149, 169, 177, 182, 187, 226, 239, 252, 266, 271, 282, 286, 302, 310, 338, 349, 356, 371, 385, 396, 399, 410, 418, 419, 425, 454, 464, 465, 469, 475, 492, 500, 514, 523, 524, 527, 530, 536, 539, 540, 543, 549, 555, 571, 588, 606, 632, 650, 677, 686, 691, 732, 733, 746, 750, 774, 815]
186 781 [379, 179, 923, 1, 131, 220, 924, 959, 452, 0, 29, 180, 468, 533, 76, 128, 30, 183, 341, 369, 137, 526, 181, 368, 453, 979, 175, 594, 49, 132, 256, 280, 316, 405, 956, 55, 696, 77, 86, 133, 214, 246, 278, 370, 378, 952, 2, 129, 269, 315, 417, 504, 525, 535, 663, 697, 705, 729, 925, 962, 983, 157, 212, 232, 247, 276, 325, 360, 429, 470, 472, 473, 664, 731, 963, 987, 988, 4, 32, 44, 48, 59, 72, 107, 116, 130, 159, 172, 189, 209, 235, 245, 277, 290, 324, 384, 397, 427, 444, 456, 462, 463, 608, 618, 645, 679, 728, 823, 949, 953, 965, 5, 6, 7, 16, 18, 37, 38, 41, 52, 54, 57, 93, 99, 108, 119, 125, 140, 149, 169, 177, 182, 187, 226, 239, 252, 266, 271, 282, 286, 302, 310, 338, 349, 356, 371, 385, 396, 399, 410, 418, 419, 425, 454, 464, 465, 469, 475, 492, 500, 514, 523, 524, 527, 530, 536, 539, 540, 543, 549, 555, 571, 588, 606, 632, 650, 677, 686, 691, 732, 733, 746, 750, 774, 815, 816]
187 782 [379, 179, 923, 1, 131, 220, 924, 959, 452, 0, 29, 180, 468, 533, 76, 128, 30, 183, 341, 369, 137, 526, 181, 368, 453, 979, 175, 594, 49, 132, 256, 280, 316, 405, 956, 55, 696, 77, 86, 133, 214, 246, 278, 370, 378, 952, 2, 129, 269, 315, 417, 504, 525, 535, 663, 697, 705, 729, 925, 962, 983, 157, 212, 232, 247, 276, 325, 360, 429, 470, 472, 473, 664, 731, 963, 987, 988, 4, 32, 44, 48, 59, 72, 107, 116, 130, 159, 172, 189, 209, 235, 245, 277, 290, 324, 384, 397, 427, 444, 456, 462, 463, 608, 618, 645, 679, 728, 823, 949, 953, 965, 5, 6, 7, 16, 18, 37, 38, 41, 52, 54, 57, 93, 99, 108, 119, 125, 140, 149, 169, 177, 182, 187, 226, 239, 252, 266, 271, 282, 286, 302, 310, 338, 349, 356, 371, 385, 396, 399, 410, 418, 419, 425, 454, 464, 465, 469, 475, 492, 500, 514, 523, 524, 527, 530, 536, 539, 540, 543, 549, 555, 571, 588, 606, 632, 650, 677, 686, 691, 732, 733, 746, 750, 774, 815, 816, 837]
188 783 [379, 179, 923, 1, 131, 220, 924, 959, 452, 0, 29, 180, 468, 533, 76, 128, 30, 183, 341, 369, 137, 526, 181, 368, 453, 979, 175, 594, 49, 132, 256, 280, 316, 405, 956, 55, 696, 77, 86, 133, 214, 246, 278, 370, 378, 952, 2, 129, 269, 315, 417, 504, 525, 535, 663, 697, 705, 729, 925, 962, 983, 157, 212, 232, 247, 276, 325, 360, 429, 470, 472, 473, 664, 731, 963, 987, 988, 4, 32, 44, 48, 59, 72, 107, 116, 130, 159, 172, 189, 209, 235, 245, 277, 290, 324, 384, 397, 427, 444, 456, 462, 463, 608, 618, 645, 679, 728, 823, 949, 953, 965, 5, 6, 7, 16, 18, 37, 38, 41, 52, 54, 57, 93, 99, 108, 119, 125, 140, 149, 169, 177, 182, 187, 226, 239, 252, 266, 271, 282, 286, 302, 310, 338, 349, 356, 371, 385, 396, 399, 410, 418, 419, 425, 454, 464, 465, 469, 475, 492, 500, 514, 523, 524, 527, 530, 536, 539, 540, 543, 549, 555, 571, 588, 606, 632, 650, 677, 686, 691, 732, 733, 746, 750, 774, 815, 816, 837, 839]
189 784 [379, 179, 923, 1, 131, 220, 924, 959, 452, 0, 29, 180, 468, 533, 76, 128, 30, 183, 341, 369, 137, 526, 181, 368, 453, 979, 175, 594, 49, 132, 256, 280, 316, 405, 956, 55, 696, 77, 86, 133, 214, 246, 278, 370, 378, 952, 2, 129, 269, 315, 417, 504, 525, 535, 663, 697, 705, 729, 925, 962, 983, 157, 212, 232, 247, 276, 325, 360, 429, 470, 472, 473, 664, 731, 963, 987, 988, 4, 32, 44, 48, 59, 72, 107, 116, 130, 159, 172, 189, 209, 235, 245, 277, 290, 324, 384, 397, 427, 444, 456, 462, 463, 608, 618, 645, 679, 728, 823, 949, 953, 965, 5, 6, 7, 16, 18, 37, 38, 41, 52, 54, 57, 93, 99, 108, 119, 125, 140, 149, 169, 177, 182, 187, 226, 239, 252, 266, 271, 282, 286, 302, 310, 338, 349, 356, 371, 385, 396, 399, 410, 418, 419, 425, 454, 464, 465, 469, 475, 492, 500, 514, 523, 524, 527, 530, 536, 539, 540, 543, 549, 555, 571, 588, 606, 632, 650, 677, 686, 691, 732, 733, 746, 750, 774, 815, 816, 837, 839, 840]
190 785 [379, 179, 923, 1, 131, 220, 924, 959, 452, 0, 29, 180, 468, 533, 76, 128, 30, 183, 341, 369, 137, 526, 181, 368, 453, 979, 175, 594, 49, 132, 256, 280, 316, 405, 956, 55, 696, 77, 86, 133, 214, 246, 278, 370, 378, 952, 2, 129, 269, 315, 417, 504, 525, 535, 663, 697, 705, 729, 925, 962, 983, 157, 212, 232, 247, 276, 325, 360, 429, 470, 472, 473, 664, 731, 963, 987, 988, 4, 32, 44, 48, 59, 72, 107, 116, 130, 159, 172, 189, 209, 235, 245, 277, 290, 324, 384, 397, 427, 444, 456, 462, 463, 608, 618, 645, 679, 728, 823, 949, 953, 965, 5, 6, 7, 16, 18, 37, 38, 41, 52, 54, 57, 93, 99, 108, 119, 125, 140, 149, 169, 177, 182, 187, 226, 239, 252, 266, 271, 282, 286, 302, 310, 338, 349, 356, 371, 385, 396, 399, 410, 418, 419, 425, 454, 464, 465, 469, 475, 492, 500, 514, 523, 524, 527, 530, 536, 539, 540, 543, 549, 555, 571, 588, 606, 632, 650, 677, 686, 691, 732, 733, 746, 750, 774, 815, 816, 837, 839, 840, 858]
191 786 [379, 179, 923, 1, 131, 220, 924, 959, 452, 0, 29, 180, 468, 533, 76, 128, 30, 183, 341, 369, 137, 526, 181, 368, 453, 979, 175, 594, 49, 132, 256, 280, 316, 405, 956, 55, 696, 77, 86, 133, 214, 246, 278, 370, 378, 952, 2, 129, 269, 315, 417, 504, 525, 535, 663, 697, 705, 729, 925, 962, 983, 157, 212, 232, 247, 276, 325, 360, 429, 470, 472, 473, 664, 731, 963, 987, 988, 4, 32, 44, 48, 59, 72, 107, 116, 130, 159, 172, 189, 209, 235, 245, 277, 290, 324, 384, 397, 427, 444, 456, 462, 463, 608, 618, 645, 679, 728, 823, 949, 953, 965, 5, 6, 7, 16, 18, 37, 38, 41, 52, 54, 57, 93, 99, 108, 119, 125, 140, 149, 169, 177, 182, 187, 226, 239, 252, 266, 271, 282, 286, 302, 310, 338, 349, 356, 371, 385, 396, 399, 410, 418, 419, 425, 454, 464, 465, 469, 475, 492, 500, 514, 523, 524, 527, 530, 536, 539, 540, 543, 549, 555, 571, 588, 606, 632, 650, 677, 686, 691, 732, 733, 746, 750, 774, 815, 816, 837, 839, 840, 858, 879]
192 787 [379, 179, 923, 1, 131, 220, 924, 959, 452, 0, 29, 180, 468, 533, 76, 128, 30, 183, 341, 369, 137, 526, 181, 368, 453, 979, 175, 594, 49, 132, 256, 280, 316, 405, 956, 55, 696, 77, 86, 133, 214, 246, 278, 370, 378, 952, 2, 129, 269, 315, 417, 504, 525, 535, 663, 697, 705, 729, 925, 962, 983, 157, 212, 232, 247, 276, 325, 360, 429, 470, 472, 473, 664, 731, 963, 987, 988, 4, 32, 44, 48, 59, 72, 107, 116, 130, 159, 172, 189, 209, 235, 245, 277, 290, 324, 384, 397, 427, 444, 456, 462, 463, 608, 618, 645, 679, 728, 823, 949, 953, 965, 5, 6, 7, 16, 18, 37, 38, 41, 52, 54, 57, 93, 99, 108, 119, 125, 140, 149, 169, 177, 182, 187, 226, 239, 252, 266, 271, 282, 286, 302, 310, 338, 349, 356, 371, 385, 396, 399, 410, 418, 419, 425, 454, 464, 465, 469, 475, 492, 500, 514, 523, 524, 527, 530, 536, 539, 540, 543, 549, 555, 571, 588, 606, 632, 650, 677, 686, 691, 732, 733, 746, 750, 774, 815, 816, 837, 839, 840, 858, 879, 881]
193 788 [379, 179, 923, 1, 131, 220, 924, 959, 452, 0, 29, 180, 468, 533, 76, 128, 30, 183, 341, 369, 137, 526, 181, 368, 453, 979, 175, 594, 49, 132, 256, 280, 316, 405, 956, 55, 696, 77, 86, 133, 214, 246, 278, 370, 378, 952, 2, 129, 269, 315, 417, 504, 525, 535, 663, 697, 705, 729, 925, 962, 983, 157, 212, 232, 247, 276, 325, 360, 429, 470, 472, 473, 664, 731, 963, 987, 988, 4, 32, 44, 48, 59, 72, 107, 116, 130, 159, 172, 189, 209, 235, 245, 277, 290, 324, 384, 397, 427, 444, 456, 462, 463, 608, 618, 645, 679, 728, 823, 949, 953, 965, 5, 6, 7, 16, 18, 37, 38, 41, 52, 54, 57, 93, 99, 108, 119, 125, 140, 149, 169, 177, 182, 187, 226, 239, 252, 266, 271, 282, 286, 302, 310, 338, 349, 356, 371, 385, 396, 399, 410, 418, 419, 425, 454, 464, 465, 469, 475, 492, 500, 514, 523, 524, 527, 530, 536, 539, 540, 543, 549, 555, 571, 588, 606, 632, 650, 677, 686, 691, 732, 733, 746, 750, 774, 815, 816, 837, 839, 840, 858, 879, 881, 901]
194 789 [379, 179, 923, 1, 131, 220, 924, 959, 452, 0, 29, 180, 468, 533, 76, 128, 30, 183, 341, 369, 137, 526, 181, 368, 453, 979, 175, 594, 49, 132, 256, 280, 316, 405, 956, 55, 696, 77, 86, 133, 214, 246, 278, 370, 378, 952, 2, 129, 269, 315, 417, 504, 525, 535, 663, 697, 705, 729, 925, 962, 983, 157, 212, 232, 247, 276, 325, 360, 429, 470, 472, 473, 664, 731, 963, 987, 988, 4, 32, 44, 48, 59, 72, 107, 116, 130, 159, 172, 189, 209, 235, 245, 277, 290, 324, 384, 397, 427, 444, 456, 462, 463, 608, 618, 645, 679, 728, 823, 949, 953, 965, 5, 6, 7, 16, 18, 37, 38, 41, 52, 54, 57, 93, 99, 108, 119, 125, 140, 149, 169, 177, 182, 187, 226, 239, 252, 266, 271, 282, 286, 302, 310, 338, 349, 356, 371, 385, 396, 399, 410, 418, 419, 425, 454, 464, 465, 469, 475, 492, 500, 514, 523, 524, 527, 530, 536, 539, 540, 543, 549, 555, 571, 588, 606, 632, 650, 677, 686, 691, 732, 733, 746, 750, 774, 815, 816, 837, 839, 840, 858, 879, 881, 901, 910]
195 790 [379, 179, 923, 1, 131, 220, 924, 959, 452, 0, 29, 180, 468, 533, 76, 128, 30, 183, 341, 369, 137, 526, 181, 368, 453, 979, 175, 594, 49, 132, 256, 280, 316, 405, 956, 55, 696, 77, 86, 133, 214, 246, 278, 370, 378, 952, 2, 129, 269, 315, 417, 504, 525, 535, 663, 697, 705, 729, 925, 962, 983, 157, 212, 232, 247, 276, 325, 360, 429, 470, 472, 473, 664, 731, 963, 987, 988, 4, 32, 44, 48, 59, 72, 107, 116, 130, 159, 172, 189, 209, 235, 245, 277, 290, 324, 384, 397, 427, 444, 456, 462, 463, 608, 618, 645, 679, 728, 823, 949, 953, 965, 5, 6, 7, 16, 18, 37, 38, 41, 52, 54, 57, 93, 99, 108, 119, 125, 140, 149, 169, 177, 182, 187, 226, 239, 252, 266, 271, 282, 286, 302, 310, 338, 349, 356, 371, 385, 396, 399, 410, 418, 419, 425, 454, 464, 465, 469, 475, 492, 500, 514, 523, 524, 527, 530, 536, 539, 540, 543, 549, 555, 571, 588, 606, 632, 650, 677, 686, 691, 732, 733, 746, 750, 774, 815, 816, 837, 839, 840, 858, 879, 881, 901, 910, 922]
196 791 [379, 179, 923, 1, 131, 220, 924, 959, 452, 0, 29, 180, 468, 533, 76, 128, 30, 183, 341, 369, 137, 526, 181, 368, 453, 979, 175, 594, 49, 132, 256, 280, 316, 405, 956, 55, 696, 77, 86, 133, 214, 246, 278, 370, 378, 952, 2, 129, 269, 315, 417, 504, 525, 535, 663, 697, 705, 729, 925, 962, 983, 157, 212, 232, 247, 276, 325, 360, 429, 470, 472, 473, 664, 731, 963, 987, 988, 4, 32, 44, 48, 59, 72, 107, 116, 130, 159, 172, 189, 209, 235, 245, 277, 290, 324, 384, 397, 427, 444, 456, 462, 463, 608, 618, 645, 679, 728, 823, 949, 953, 965, 5, 6, 7, 16, 18, 37, 38, 41, 52, 54, 57, 93, 99, 108, 119, 125, 140, 149, 169, 177, 182, 187, 226, 239, 252, 266, 271, 282, 286, 302, 310, 338, 349, 356, 371, 385, 396, 399, 410, 418, 419, 425, 454, 464, 465, 469, 475, 492, 500, 514, 523, 524, 527, 530, 536, 539, 540, 543, 549, 555, 571, 588, 606, 632, 650, 677, 686, 691, 732, 733, 746, 750, 774, 815, 816, 837, 839, 840, 858, 879, 881, 901, 910, 922, 927]
197 792 [379, 179, 923, 1, 131, 220, 924, 959, 452, 0, 29, 180, 468, 533, 76, 128, 30, 183, 341, 369, 137, 526, 181, 368, 453, 979, 175, 594, 49, 132, 256, 280, 316, 405, 956, 55, 696, 77, 86, 133, 214, 246, 278, 370, 378, 952, 2, 129, 269, 315, 417, 504, 525, 535, 663, 697, 705, 729, 925, 962, 983, 157, 212, 232, 247, 276, 325, 360, 429, 470, 472, 473, 664, 731, 963, 987, 988, 4, 32, 44, 48, 59, 72, 107, 116, 130, 159, 172, 189, 209, 235, 245, 277, 290, 324, 384, 397, 427, 444, 456, 462, 463, 608, 618, 645, 679, 728, 823, 949, 953, 965, 5, 6, 7, 16, 18, 37, 38, 41, 52, 54, 57, 93, 99, 108, 119, 125, 140, 149, 169, 177, 182, 187, 226, 239, 252, 266, 271, 282, 286, 302, 310, 338, 349, 356, 371, 385, 396, 399, 410, 418, 419, 425, 454, 464, 465, 469, 475, 492, 500, 514, 523, 524, 527, 530, 536, 539, 540, 543, 549, 555, 571, 588, 606, 632, 650, 677, 686, 691, 732, 733, 746, 750, 774, 815, 816, 837, 839, 840, 858, 879, 881, 901, 910, 922, 927, 948]
198 793 [379, 179, 923, 1, 131, 220, 924, 959, 452, 0, 29, 180, 468, 533, 76, 128, 30, 183, 341, 369, 137, 526, 181, 368, 453, 979, 175, 594, 49, 132, 256, 280, 316, 405, 956, 55, 696, 77, 86, 133, 214, 246, 278, 370, 378, 952, 2, 129, 269, 315, 417, 504, 525, 535, 663, 697, 705, 729, 925, 962, 983, 157, 212, 232, 247, 276, 325, 360, 429, 470, 472, 473, 664, 731, 963, 987, 988, 4, 32, 44, 48, 59, 72, 107, 116, 130, 159, 172, 189, 209, 235, 245, 277, 290, 324, 384, 397, 427, 444, 456, 462, 463, 608, 618, 645, 679, 728, 823, 949, 953, 965, 5, 6, 7, 16, 18, 37, 38, 41, 52, 54, 57, 93, 99, 108, 119, 125, 140, 149, 169, 177, 182, 187, 226, 239, 252, 266, 271, 282, 286, 302, 310, 338, 349, 356, 371, 385, 396, 399, 410, 418, 419, 425, 454, 464, 465, 469, 475, 492, 500, 514, 523, 524, 527, 530, 536, 539, 540, 543, 549, 555, 571, 588, 606, 632, 650, 677, 686, 691, 732, 733, 746, 750, 774, 815, 816, 837, 839, 840, 858, 879, 881, 901, 910, 922, 927, 948, 972]
199 794 [379, 179, 923, 1, 131, 220, 924, 959, 452, 0, 29, 180, 468, 533, 76, 128, 30, 183, 341, 369, 137, 526, 181, 368, 453, 979, 175, 594, 49, 132, 256, 280, 316, 405, 956, 55, 696, 77, 86, 133, 214, 246, 278, 370, 378, 952, 2, 129, 269, 315, 417, 504, 525, 535, 663, 697, 705, 729, 925, 962, 983, 157, 212, 232, 247, 276, 325, 360, 429, 470, 472, 473, 664, 731, 963, 987, 988, 4, 32, 44, 48, 59, 72, 107, 116, 130, 159, 172, 189, 209, 235, 245, 277, 290, 324, 384, 397, 427, 444, 456, 462, 463, 608, 618, 645, 679, 728, 823, 949, 953, 965, 5, 6, 7, 16, 18, 37, 38, 41, 52, 54, 57, 93, 99, 108, 119, 125, 140, 149, 169, 177, 182, 187, 226, 239, 252, 266, 271, 282, 286, 302, 310, 338, 349, 356, 371, 385, 396, 399, 410, 418, 419, 425, 454, 464, 465, 469, 475, 492, 500, 514, 523, 524, 527, 530, 536, 539, 540, 543, 549, 555, 571, 588, 606, 632, 650, 677, 686, 691, 732, 733, 746, 750, 774, 815, 816, 837, 839, 840, 858, 879, 881, 901, 910, 922, 927, 948, 972, 974]
200 795 [379, 179, 923, 1, 131, 220, 924, 959, 452, 0, 29, 180, 468, 533, 76, 128, 30, 183, 341, 369, 137, 526, 181, 368, 453, 979, 175, 594, 49, 132, 256, 280, 316, 405, 956, 55, 696, 77, 86, 133, 214, 246, 278, 370, 378, 952, 2, 129, 269, 315, 417, 504, 525, 535, 663, 697, 705, 729, 925, 962, 983, 157, 212, 232, 247, 276, 325, 360, 429, 470, 472, 473, 664, 731, 963, 987, 988, 4, 32, 44, 48, 59, 72, 107, 116, 130, 159, 172, 189, 209, 235, 245, 277, 290, 324, 384, 397, 427, 444, 456, 462, 463, 608, 618, 645, 679, 728, 823, 949, 953, 965, 5, 6, 7, 16, 18, 37, 38, 41, 52, 54, 57, 93, 99, 108, 119, 125, 140, 149, 169, 177, 182, 187, 226, 239, 252, 266, 271, 282, 286, 302, 310, 338, 349, 356, 371, 385, 396, 399, 410, 418, 419, 425, 454, 464, 465, 469, 475, 492, 500, 514, 523, 524, 527, 530, 536, 539, 540, 543, 549, 555, 571, 588, 606, 632, 650, 677, 686, 691, 732, 733, 746, 750, 774, 815, 816, 837, 839, 840, 858, 879, 881, 901, 910, 922, 927, 948, 972, 974, 975]
201 796 [379, 179, 923, 1, 131, 220, 924, 959, 452, 0, 29, 180, 468, 533, 76, 128, 30, 183, 341, 369, 137, 526, 181, 368, 453, 979, 175, 594, 49, 132, 256, 280, 316, 405, 956, 55, 696, 77, 86, 133, 214, 246, 278, 370, 378, 952, 2, 129, 269, 315, 417, 504, 525, 535, 663, 697, 705, 729, 925, 962, 983, 157, 212, 232, 247, 276, 325, 360, 429, 470, 472, 473, 664, 731, 963, 987, 988, 4, 32, 44, 48, 59, 72, 107, 116, 130, 159, 172, 189, 209, 235, 245, 277, 290, 324, 384, 397, 427, 444, 456, 462, 463, 608, 618, 645, 679, 728, 823, 949, 953, 965, 5, 6, 7, 16, 18, 37, 38, 41, 52, 54, 57, 93, 99, 108, 119, 125, 140, 149, 169, 177, 182, 187, 226, 239, 252, 266, 271, 282, 286, 302, 310, 338, 349, 356, 371, 385, 396, 399, 410, 418, 419, 425, 454, 464, 465, 469, 475, 492, 500, 514, 523, 524, 527, 530, 536, 539, 540, 543, 549, 555, 571, 588, 606, 632, 650, 677, 686, 691, 732, 733, 746, 750, 774, 815, 816, 837, 839, 840, 858, 879, 881, 901, 910, 922, 927, 948, 972, 974, 975, 980]
